dec 0 
: [list([1]) list([1, 1]) list([1, 1, 5]) list([1, 2]) list([1, 6])
 list([1, 7, 3]) list([2]) list([2, 1]) list([2, 1, 8, 3]) list([2, 2])
 list([2, 3]) list([2, 3, 1, 3]) list([2, 3, 8]) list([2, 6]) list([2, 8])
 list([2, 8, 4]) list([3]) list([3, 1, 8]) list([3, 2, 3]) list([3, 4])
 list([3, 4, 2, 4]) list([3, 4, 6]) list([3, 5]) list([3, 5, 8])
 list([3, 6, 2]) list([4]) list([4, 2]) list([4, 3]) list([4, 4, 1])
 list([4, 5]) list([4, 5, 7]) list([4, 6, 2]) list([4, 7, 2]) list([5])
 list([5, 1, 3, 1]) list([5, 2, 4]) list([5, 4, 5]) list([5, 5, 1, 2])
 list([5, 7]) list([5, 8]) list([5, 8, 3]) list([6]) list([6, 2])
 list([6, 2, 2]) list([6, 2, 3, 7]) list([6, 4]) list([6, 6, 2])
 list([6, 6, 7]) list([6, 7, 2, 2]) list([6, 8, 3, 1]) list([7])
 list([7, 2]) list([7, 3]) list([7, 3, 8, 8]) list([7, 4, 3])
 list([7, 4, 3, 4]) list([7, 4, 7]) list([7, 5, 8, 5]) list([7, 7])
 list([7, 7, 4, 2]) list([7, 7, 6]) list([8]) list([8, 1, 1])
 list([8, 1, 4]) list([8, 2, 2]) list([8, 3]) list([8, 3, 1, 2])
 list([8, 4, 8, 7]) list([8, 5]) list([8, 6]) list([8, 6, 5]) list([8, 7])
 list([8, 7, 1]) list([8, 7, 2])]
obj 0 
: [[ 1.          1.09606802]
 [ 2.          1.09606802]
 [ 7.          1.09606802]
 [ 3.          1.09606802]
 [ 7.          0.67834663]
 [11.          0.9689036 ]
 [ 2.          0.61290056]
 [ 3.          1.09606802]
 [14.          1.09606802]
 [ 4.          1.09630561]
 [ 5.          1.09606802]
 [ 9.          1.09606802]
 [13.          0.50391597]
 [ 8.          0.99045438]
 [10.          0.40248865]
 [14.          0.96049756]
 [ 3.          0.58811957]
 [12.          1.09606802]
 [ 8.          0.59408283]
 [ 7.          0.41928986]
 [13.          1.09606802]
 [13.          1.02652216]
 [ 8.          0.63186902]
 [16.          0.58811122]
 [11.          0.6791327 ]
 [ 4.          1.06128705]
 [ 6.          1.09606802]
 [ 7.          0.55743009]
 [ 9.          1.09606802]
 [ 9.          0.80557746]
 [16.          0.9365719 ]
 [12.          0.73462945]
 [13.          0.46420142]
 [ 5.          0.31171209]
 [10.          1.09606802]
 [11.          0.59039551]
 [14.          0.13576275]
 [13.          1.09606802]
 [12.          0.552499  ]
 [13.          0.43752825]
 [16.          0.35232437]
 [ 6.          0.26359501]
 [ 8.          0.73433882]
 [10.          0.71545726]
 [18.          0.5601474 ]
 [10.          0.48344386]
 [14.          0.56129301]
 [19.          0.4957839 ]
 [17.          1.09606802]
 [18.          0.59129715]
 [ 7.          0.26397961]
 [ 9.          0.48423254]
 [10.          0.59359056]
 [26.          0.51040679]
 [14.          1.09606802]
 [18.          1.09558189]
 [18.          0.26650134]
 [25.          0.36012113]
 [14.          0.26395011]
 [20.          0.50692338]
 [20.          0.16656606]
 [ 8.          0.3511813 ]
 [10.          1.09606802]
 [13.          0.5872789 ]
 [12.          0.59037936]
 [11.          0.48174724]
 [14.          1.09606802]
 [27.          0.48974648]
 [13.          0.462955  ]
 [14.          0.21940777]
 [19.          0.47280446]
 [15.          0.44141489]
 [16.          0.60475105]
 [17.          1.09607315]]
dec 1 
: [list([1]) list([1, 1]) list([1, 1, 5]) list([1, 2, 7]) list([1, 6])
 list([1, 7, 2]) list([1, 7, 3]) list([2]) list([2, 3, 5]) list([2, 3, 8])
 list([2, 4]) list([2, 6]) list([2, 8]) list([2, 8, 4]) list([3])
 list([3, 1]) list([3, 2]) list([3, 2, 3]) list([3, 3]) list([3, 4])
 list([3, 4, 6]) list([3, 5]) list([3, 5, 4]) list([3, 5, 8])
 list([3, 6, 2]) list([4]) list([4, 2]) list([4, 3]) list([4, 3, 4])
 list([4, 5]) list([4, 6, 2]) list([4, 6, 7]) list([4, 7, 2])
 list([4, 8, 7]) list([5]) list([5, 2, 4]) list([5, 2, 5]) list([5, 4, 4])
 list([5, 4, 5]) list([5, 6]) list([5, 6, 8]) list([5, 7]) list([5, 8])
 list([5, 8, 3]) list([5, 8, 7]) list([6]) list([6, 1]) list([6, 2])
 list([6, 2, 2]) list([6, 2, 3]) list([6, 2, 3, 7]) list([6, 3])
 list([6, 3, 2]) list([6, 4]) list([6, 4, 7]) list([6, 6]) list([6, 6, 2])
 list([6, 6, 6, 7]) list([6, 6, 7]) list([7]) list([7, 1]) list([7, 1, 3])
 list([7, 2]) list([7, 3]) list([7, 4, 7]) list([7, 5, 4])
 list([7, 5, 8, 5]) list([7, 6]) list([7, 7]) list([7, 7, 3])
 list([7, 7, 5]) list([7, 7, 6]) list([8]) list([8, 1, 4]) list([8, 2, 2])
 list([8, 3]) list([8, 4, 8, 7]) list([8, 5]) list([8, 6]) list([8, 6, 5])
 list([8, 7]) list([8, 8, 3]) list([8, 8, 7])]
obj 1 
: [[ 1.          1.09606802]
 [ 2.          1.09606802]
 [ 7.          1.09606802]
 [10.          1.09606802]
 [ 7.          0.67834663]
 [10.          1.09397817]
 [11.          0.9689036 ]
 [ 2.          0.61290056]
 [10.          1.09606802]
 [13.          0.50391597]
 [ 6.          0.57532716]
 [ 8.          0.99045438]
 [10.          0.40248865]
 [14.          0.96049756]
 [ 3.          0.58811957]
 [ 4.          0.66330594]
 [ 5.          1.09606934]
 [ 8.          0.59408283]
 [ 6.          1.09726846]
 [ 7.          0.41928986]
 [13.          1.02652216]
 [ 8.          0.63186902]
 [12.          0.97616744]
 [16.          0.58811122]
 [11.          0.6791327 ]
 [ 4.          1.06128705]
 [ 6.          0.86439335]
 [ 7.          0.55743009]
 [11.          0.49862421]
 [ 9.          0.80557746]
 [12.          0.73462945]
 [17.          0.35986862]
 [13.          0.46420142]
 [19.          0.2449483 ]
 [ 5.          0.31171209]
 [11.          0.59039551]
 [12.          0.56696868]
 [13.          0.24834178]
 [14.          0.13576275]
 [11.          0.27615765]
 [19.          0.16936412]
 [12.          0.552499  ]
 [13.          0.43752825]
 [16.          0.35232437]
 [20.          0.39212647]
 [ 6.          0.26359501]
 [ 7.          1.09606802]
 [ 8.          0.73433882]
 [10.          0.71545726]
 [11.          0.25155824]
 [18.          0.5601474 ]
 [ 9.          0.72156394]
 [11.          1.09606802]
 [10.          0.48344386]
 [17.          0.43517491]
 [12.          0.1715222 ]
 [14.          0.56129301]
 [25.          0.29855874]
 [19.          0.4957839 ]
 [ 7.          0.26397961]
 [ 8.          1.09606802]
 [11.          1.09606946]
 [ 9.          0.48423254]
 [10.          0.59359056]
 [18.          0.26650134]
 [16.          1.09606802]
 [25.          0.36012113]
 [13.          0.72269493]
 [14.          0.26395011]
 [17.          0.31611958]
 [19.          0.56180036]
 [20.          0.16656606]
 [ 8.          0.3511813 ]
 [13.          0.5872789 ]
 [12.          0.59037936]
 [11.          0.48174724]
 [27.          0.48974648]
 [13.          0.462955  ]
 [14.          0.21940777]
 [19.          0.47280446]
 [15.          0.44141489]
 [19.          0.32833198]
 [23.          0.49677876]]
dec 2 
: [list([1]) list([1, 1]) list([1, 3]) list([1, 6]) list([2]) list([2, 1])
 list([2, 1, 2]) list([2, 2]) list([2, 2, 2]) list([2, 4]) list([2, 8])
 list([3]) list([3, 1]) list([3, 2]) list([3, 2, 3]) list([3, 3])
 list([3, 4]) list([3, 5]) list([4]) list([4, 2]) list([4, 3])
 list([4, 3, 4]) list([4, 3, 7, 4]) list([4, 4]) list([4, 6])
 list([4, 6, 7]) list([4, 7, 2]) list([4, 8, 7]) list([5]) list([5, 2, 4])
 list([5, 4, 4]) list([5, 4, 5]) list([5, 5]) list([5, 5, 3])
 list([5, 5, 8]) list([5, 6]) list([5, 6, 8]) list([5, 7]) list([5, 8])
 list([5, 8, 3]) list([5, 8, 7]) list([6]) list([6, 2, 3]) list([6, 4])
 list([6, 4, 7]) list([6, 6]) list([6, 6, 2]) list([6, 6, 5])
 list([6, 6, 5, 6]) list([6, 6, 6, 7]) list([6, 7]) list([6, 8]) list([7])
 list([7, 2]) list([7, 3]) list([7, 3, 7]) list([7, 4]) list([7, 4, 7])
 list([7, 5, 8, 5]) list([7, 7]) list([7, 7, 3]) list([7, 7, 6])
 list([7, 7, 7, 5]) list([7, 7, 8]) list([8]) list([8, 3]) list([8, 5])
 list([8, 6]) list([8, 7]) list([8, 8]) list([8, 8, 3])]
obj 2 
: [[ 1.          1.09606802]
 [ 2.          1.09606802]
 [ 4.          0.57457197]
 [ 7.          0.67834663]
 [ 2.          0.61290056]
 [ 3.          0.54942667]
 [ 5.          1.09606802]
 [ 4.          1.09606802]
 [ 6.          1.09606802]
 [ 6.          0.57532716]
 [10.          0.40248865]
 [ 3.          0.58811957]
 [ 4.          0.66330594]
 [ 5.          1.09606934]
 [ 8.          0.59408283]
 [ 6.          1.09726846]
 [ 7.          0.41928986]
 [ 8.          0.63186902]
 [ 4.          1.06128705]
 [ 6.          0.86439335]
 [ 7.          0.55743009]
 [11.          0.49862421]
 [18.          0.52708191]
 [ 8.          0.51761937]
 [10.          0.23454183]
 [17.          0.35986862]
 [13.          0.46420142]
 [19.          0.2449483 ]
 [ 5.          0.31171209]
 [11.          0.59039551]
 [13.          0.24834178]
 [14.          0.13576275]
 [10.          0.56709111]
 [13.          0.38890272]
 [18.          0.26677614]
 [11.          0.27615765]
 [19.          0.16936412]
 [12.          0.552499  ]
 [13.          0.43752825]
 [16.          0.35232437]
 [20.          0.39212647]
 [ 6.          0.26359501]
 [11.          0.25155824]
 [10.          0.48344386]
 [17.          0.43517491]
 [12.          0.1715222 ]
 [14.          0.57145154]
 [17.          0.27134928]
 [23.          0.39474818]
 [25.          0.29855874]
 [13.          0.21981768]
 [14.          0.44961658]
 [ 7.          0.26397961]
 [ 9.          0.48423254]
 [10.          0.59359056]
 [17.          0.23067588]
 [11.          0.48807463]
 [18.          0.26650134]
 [25.          0.36012113]
 [14.          0.26395011]
 [17.          0.31611958]
 [20.          0.16656606]
 [26.          1.08071351]
 [22.          0.12808146]
 [ 8.          0.3511813 ]
 [11.          0.48174724]
 [13.          0.462955  ]
 [14.          0.21940777]
 [15.          0.44141489]
 [16.          0.45276996]
 [19.          0.32833198]]
dec 3 
: [list([1]) list([1, 1]) list([1, 3]) list([1, 6]) list([2]) list([2, 1])
 list([2, 1, 2]) list([2, 2]) list([2, 4]) list([2, 8]) list([3])
 list([3, 1]) list([3, 2, 3]) list([3, 3, 5]) list([3, 4]) list([3, 5])
 list([4]) list([4, 2]) list([4, 3]) list([4, 3, 5]) list([4, 4])
 list([4, 4, 2]) list([4, 5, 7]) list([4, 6]) list([4, 7]) list([4, 8, 7])
 list([5]) list([5, 4, 4]) list([5, 4, 5]) list([5, 5]) list([5, 5, 3])
 list([5, 5, 4]) list([5, 5, 8]) list([5, 6]) list([5, 6, 8]) list([5, 7])
 list([5, 7, 6]) list([5, 8]) list([5, 8, 3]) list([6]) list([6, 2, 3])
 list([6, 3]) list([6, 4]) list([6, 6]) list([6, 6, 2]) list([6, 6, 3])
 list([6, 6, 5]) list([6, 6, 7]) list([6, 7]) list([6, 8]) list([7])
 list([7, 2]) list([7, 3, 7]) list([7, 4]) list([7, 4, 7]) list([7, 7])
 list([7, 7, 3]) list([7, 7, 6]) list([7, 7, 8]) list([8]) list([8, 3])
 list([8, 5, 8]) list([8, 6]) list([8, 8])]
obj 3 
: [[ 1.          1.09606802]
 [ 2.          1.09606802]
 [ 4.          0.57457197]
 [ 7.          0.67834663]
 [ 2.          0.61290056]
 [ 3.          0.54942667]
 [ 5.          1.09606802]
 [ 4.          1.09606802]
 [ 6.          0.57532716]
 [10.          0.40248865]
 [ 3.          0.58811957]
 [ 4.          0.66330594]
 [ 8.          0.59408283]
 [11.          1.09606802]
 [ 7.          0.41928986]
 [ 8.          0.63186902]
 [ 4.          1.06128705]
 [ 6.          0.86439335]
 [ 7.          0.55743009]
 [12.          0.28115934]
 [ 8.          0.51761937]
 [10.          0.58207744]
 [16.          1.09606802]
 [10.          0.23454183]
 [11.          0.398471  ]
 [19.          0.2449483 ]
 [ 5.          0.31171209]
 [13.          0.24834178]
 [14.          0.13576275]
 [10.          0.56709111]
 [13.          0.38890272]
 [14.          0.46134523]
 [18.          0.26677614]
 [11.          0.27615765]
 [19.          0.16936412]
 [12.          0.22644785]
 [18.          0.17117091]
 [13.          0.43752825]
 [16.          0.35232437]
 [ 6.          0.26359501]
 [11.          0.25155824]
 [ 9.          0.67802614]
 [10.          0.48344386]
 [12.          0.1715222 ]
 [14.          1.09606886]
 [15.          1.09606826]
 [17.          0.27134928]
 [19.          0.24752964]
 [13.          0.21981768]
 [14.          0.44961658]
 [ 7.          0.26397961]
 [ 9.          0.48423254]
 [17.          0.23067588]
 [11.          0.48807463]
 [18.          0.26650134]
 [14.          0.26395011]
 [17.          0.31611958]
 [20.          0.16656606]
 [22.          0.12808146]
 [ 8.          0.3511813 ]
 [11.          0.48174724]
 [21.          0.33921084]
 [14.          0.21940777]
 [16.          0.16760691]]
dec 4 
: [list([1]) list([1, 1]) list([1, 3]) list([1, 6]) list([2]) list([2, 1])
 list([2, 1, 2]) list([2, 2]) list([2, 4]) list([2, 4, 8]) list([2, 7, 4])
 list([2, 8]) list([3]) list([3, 1]) list([3, 2, 3]) list([3, 4])
 list([3, 5]) list([4]) list([4, 2]) list([4, 3]) list([4, 3, 3])
 list([4, 3, 4]) list([4, 3, 5]) list([4, 4]) list([4, 4, 3])
 list([4, 4, 5]) list([4, 4, 6, 7]) list([4, 5]) list([4, 6]) list([4, 7])
 list([4, 8, 7]) list([5]) list([5, 4, 4]) list([5, 4, 5]) list([5, 5])
 list([5, 5, 3]) list([5, 6]) list([5, 6, 8]) list([5, 7]) list([5, 7, 3])
 list([5, 7, 6]) list([5, 8, 3]) list([5, 8, 6]) list([6]) list([6, 1])
 list([6, 2, 3]) list([6, 2, 6]) list([6, 4]) list([6, 4, 1, 4])
 list([6, 5]) list([6, 6]) list([6, 6, 5]) list([6, 6, 6, 7])
 list([6, 6, 7]) list([6, 6, 7, 4]) list([6, 7]) list([6, 8, 7]) list([7])
 list([7, 2]) list([7, 3, 4]) list([7, 3, 7]) list([7, 4]) list([7, 4, 7])
 list([7, 7]) list([7, 7, 6]) list([7, 7, 8]) list([8]) list([8, 3])
 list([8, 3, 8]) list([8, 5, 8]) list([8, 6]) list([8, 8]) list([8, 8, 6])]
obj 4 
: [[ 1.          1.09606802]
 [ 2.          1.09606802]
 [ 4.          0.57457197]
 [ 7.          0.67834663]
 [ 2.          0.61290056]
 [ 3.          0.54942667]
 [ 5.          1.09606802]
 [ 4.          1.09606802]
 [ 6.          0.57532716]
 [14.          1.09606802]
 [13.          0.2705622 ]
 [10.          0.40248865]
 [ 3.          0.58811957]
 [ 4.          0.66330594]
 [ 8.          0.59408283]
 [ 7.          0.41928986]
 [ 8.          0.63186902]
 [ 4.          1.06128705]
 [ 6.          0.86439335]
 [ 7.          0.55743009]
 [10.          0.77253455]
 [11.          1.09607923]
 [12.          0.28115934]
 [ 8.          0.51761937]
 [11.          1.09606802]
 [13.          0.31547105]
 [21.          0.51047194]
 [ 9.          0.25104341]
 [10.          0.23454183]
 [11.          0.398471  ]
 [19.          0.2449483 ]
 [ 5.          0.31171209]
 [13.          0.24834178]
 [14.          0.13576275]
 [10.          0.91797179]
 [13.          0.38890272]
 [11.          0.27615765]
 [19.          0.16936412]
 [12.          0.22644785]
 [15.          0.60409814]
 [18.          0.17117091]
 [16.          0.35232437]
 [19.          0.54126579]
 [ 6.          0.26359501]
 [ 7.          0.66432154]
 [11.          0.25155824]
 [14.          0.75061637]
 [10.          0.48344386]
 [15.          0.71086562]
 [11.          0.21564177]
 [12.          0.1715222 ]
 [17.          0.27134928]
 [25.          0.30306599]
 [19.          0.24752964]
 [23.          1.08525801]
 [13.          0.21981768]
 [21.          0.20817964]
 [ 7.          0.26397961]
 [ 9.          0.48423254]
 [14.          0.46694934]
 [17.          0.23067588]
 [11.          1.09606802]
 [18.          0.26650134]
 [14.          0.26395011]
 [20.          0.16656606]
 [22.          0.12808146]
 [ 8.          0.3511813 ]
 [11.          0.48174724]
 [19.          1.04694653]
 [21.          0.451224  ]
 [14.          0.21940777]
 [16.          0.16760691]
 [22.          1.09606957]]
dec 5 
: [list([1]) list([1, 1]) list([1, 2, 6]) list([1, 3]) list([2])
 list([2, 1]) list([2, 2]) list([2, 2, 1, 2]) list([2, 4]) list([2, 7, 4])
 list([2, 8]) list([3]) list([3, 1]) list([3, 2]) list([3, 2, 3])
 list([3, 3, 2]) list([3, 3, 3, 4]) list([3, 4]) list([3, 4, 3])
 list([3, 5, 5]) list([3, 8]) list([4]) list([4, 2]) list([4, 3])
 list([4, 3, 5]) list([4, 4]) list([4, 4, 5]) list([4, 5]) list([4, 6])
 list([4, 7]) list([4, 8, 5]) list([4, 8, 7]) list([5]) list([5, 3])
 list([5, 4]) list([5, 4, 4]) list([5, 4, 5]) list([5, 4, 6])
 list([5, 5, 1, 3]) list([5, 5, 5]) list([5, 6]) list([5, 6, 8])
 list([5, 7]) list([5, 7, 6]) list([5, 8]) list([6]) list([6, 1])
 list([6, 2, 3]) list([6, 4]) list([6, 5]) list([6, 5, 5, 6]) list([6, 6])
 list([6, 6, 5]) list([6, 6, 7]) list([6, 7]) list([6, 7, 7]) list([6, 8])
 list([6, 8, 7]) list([7]) list([7, 2]) list([7, 3, 7]) list([7, 4, 7])
 list([7, 6, 7]) list([7, 7]) list([7, 7, 6]) list([7, 7, 8]) list([8])
 list([8, 3]) list([8, 4, 5, 8]) list([8, 6]) list([8, 8]) list([8, 8, 6])
 list([8, 8, 7])]
obj 5 
: [[ 1.          1.09606802]
 [ 2.          1.09606802]
 [ 9.          0.66666758]
 [ 4.          0.57457197]
 [ 2.          0.61290056]
 [ 3.          0.54942667]
 [ 4.          1.09606802]
 [ 7.          0.51863897]
 [ 6.          0.57532716]
 [13.          0.2705622 ]
 [10.          0.40248865]
 [ 3.          0.58811957]
 [ 4.          0.66330594]
 [ 5.          0.61140656]
 [ 8.          0.59408283]
 [ 8.          1.09612465]
 [13.          1.09606802]
 [ 7.          0.41928986]
 [10.          0.57147795]
 [13.          0.59273463]
 [11.          0.23963167]
 [ 4.          1.06128705]
 [ 6.          0.86439335]
 [ 7.          0.55743009]
 [12.          0.28115934]
 [ 8.          0.51761937]
 [13.          0.31547105]
 [ 9.          0.25104341]
 [10.          0.23454183]
 [11.          0.398471  ]
 [17.          0.98150051]
 [19.          0.2449483 ]
 [ 5.          0.31171209]
 [ 8.          0.29649526]
 [ 9.          1.09606802]
 [13.          0.24834178]
 [14.          0.13576275]
 [15.          0.58297163]
 [14.          0.5410217 ]
 [15.          1.09606802]
 [11.          0.27615765]
 [19.          0.16936412]
 [12.          0.22644785]
 [18.          0.17117091]
 [13.          0.53452057]
 [ 6.          0.26359501]
 [ 7.          0.66432154]
 [11.          0.25155824]
 [10.          0.48344386]
 [11.          0.21564177]
 [22.          0.55771691]
 [12.          0.1715222 ]
 [17.          0.27134928]
 [19.          0.24752964]
 [13.          0.21981768]
 [20.          0.37477928]
 [14.          0.21623828]
 [21.          0.20817964]
 [ 7.          0.26397961]
 [ 9.          0.48423254]
 [17.          0.23067588]
 [18.          0.26650134]
 [20.          0.18209483]
 [14.          0.26395011]
 [20.          0.16656606]
 [22.          0.12808146]
 [ 8.          0.3511813 ]
 [11.          0.62904954]
 [25.          0.40442246]
 [14.          0.21940777]
 [16.          0.16760691]
 [22.          0.25006101]
 [23.          1.09606802]]
dec 6 
: [list([1]) list([1, 1]) list([1, 1, 1]) list([1, 3]) list([2])
 list([2, 1]) list([2, 1, 4]) list([2, 2]) list([2, 2, 1, 2])
 list([2, 2, 2]) list([2, 2, 8]) list([2, 3]) list([2, 4]) list([2, 7, 4])
 list([2, 8]) list([3]) list([3, 1]) list([3, 2]) list([3, 3])
 list([3, 3, 4]) list([3, 4]) list([3, 8]) list([4]) list([4, 2])
 list([4, 3]) list([4, 3, 2]) list([4, 3, 3]) list([4, 3, 4])
 list([4, 3, 5]) list([4, 4]) list([4, 4, 5]) list([4, 5]) list([4, 6])
 list([4, 7]) list([4, 8]) list([4, 8, 7]) list([5]) list([5, 3])
 list([5, 4, 4]) list([5, 4, 5]) list([5, 5]) list([5, 5, 7]) list([5, 6])
 list([5, 6, 8]) list([5, 7]) list([5, 7, 6]) list([6]) list([6, 2, 3])
 list([6, 5]) list([6, 6]) list([6, 6, 5]) list([6, 6, 7]) list([6, 7])
 list([6, 8]) list([6, 8, 7]) list([7]) list([7, 2]) list([7, 3, 7])
 list([7, 4]) list([7, 6]) list([7, 6, 7]) list([7, 7]) list([7, 7, 2])
 list([7, 7, 3]) list([7, 7, 6]) list([7, 7, 8]) list([7, 8, 6]) list([8])
 list([8, 6]) list([8, 6, 6, 5]) list([8, 7, 4, 8]) list([8, 8])]
obj 6 
: [[ 1.          1.09606802]
 [ 2.          1.09606802]
 [ 3.          1.09606802]
 [ 4.          0.57457197]
 [ 2.          0.61290056]
 [ 3.          0.54942667]
 [ 7.          1.09606802]
 [ 4.          1.09606802]
 [ 7.          0.51863897]
 [ 6.          1.09606802]
 [12.          1.09606802]
 [ 5.          0.20988339]
 [ 6.          0.57532716]
 [13.          0.2705622 ]
 [10.          0.40248865]
 [ 3.          0.58811957]
 [ 4.          0.66330594]
 [ 5.          0.61140656]
 [ 6.          0.59332889]
 [10.          0.60305077]
 [ 7.          0.41928986]
 [11.          0.23963167]
 [ 4.          1.06128705]
 [ 6.          0.86439335]
 [ 7.          0.55743009]
 [ 9.          0.56614983]
 [10.          0.70858115]
 [11.          0.61406845]
 [12.          0.28115934]
 [ 8.          0.51761937]
 [13.          1.09606802]
 [ 9.          0.25104341]
 [10.          0.23454183]
 [11.          0.398471  ]
 [12.          0.61904281]
 [19.          0.2449483 ]
 [ 5.          0.31171209]
 [ 8.          0.29649526]
 [13.          0.24834178]
 [14.          0.13576275]
 [10.          0.58645242]
 [17.          0.1698745 ]
 [11.          0.27615765]
 [19.          0.16936412]
 [12.          0.22644785]
 [18.          0.17117091]
 [ 6.          0.26359501]
 [11.          0.25155824]
 [11.          0.21564177]
 [12.          0.1715222 ]
 [17.          0.27134928]
 [19.          0.56324267]
 [13.          0.21981768]
 [14.          0.21623828]
 [21.          0.20817964]
 [ 7.          0.26397961]
 [ 9.          0.48423254]
 [17.          0.23067588]
 [11.          0.1733472 ]
 [13.          0.29732904]
 [20.          0.18209483]
 [14.          0.26395011]
 [16.          0.35163134]
 [17.          0.6226781 ]
 [20.          0.16656606]
 [22.          0.12808146]
 [21.          0.49915403]
 [ 8.          0.3511813 ]
 [14.          0.21940777]
 [25.          0.42279828]
 [27.          0.27707514]
 [16.          0.16760691]]
dec 7 
: [list([1]) list([1, 1]) list([1, 1, 1]) list([1, 2]) list([1, 3])
 list([1, 7]) list([2]) list([2, 1]) list([2, 2]) list([2, 2, 1, 2])
 list([2, 2, 2]) list([2, 3]) list([2, 4]) list([2, 4, 3, 5])
 list([2, 7, 4]) list([2, 8]) list([3]) list([3, 1]) list([3, 2])
 list([3, 3]) list([3, 4]) list([3, 5]) list([3, 6, 3]) list([3, 8])
 list([3, 8, 5]) list([4]) list([4, 2]) list([4, 3]) list([4, 3, 5])
 list([4, 5]) list([4, 5, 7]) list([4, 6]) list([5]) list([5, 1, 2])
 list([5, 3]) list([5, 3, 4]) list([5, 4]) list([5, 4, 4]) list([5, 4, 5])
 list([5, 4, 7]) list([5, 5]) list([5, 5, 4]) list([5, 5, 5])
 list([5, 5, 7]) list([5, 6]) list([5, 6, 8]) list([5, 7]) list([5, 7, 6])
 list([6]) list([6, 2, 3]) list([6, 5]) list([6, 6]) list([6, 6, 6])
 list([6, 6, 7]) list([6, 7]) list([6, 8]) list([7]) list([7, 3, 7])
 list([7, 4]) list([7, 5]) list([7, 6, 7]) list([7, 7]) list([7, 7, 6])
 list([7, 7, 8]) list([7, 8]) list([8]) list([8, 6]) list([8, 7, 8])
 list([8, 8]) list([8, 8, 8])]
obj 7 
: [[ 1.          1.09606802]
 [ 2.          1.09606802]
 [ 3.          1.09606802]
 [ 3.          1.09606802]
 [ 4.          0.57457197]
 [ 8.          1.09606802]
 [ 2.          0.61290056]
 [ 3.          0.54942667]
 [ 4.          1.09606802]
 [ 7.          0.51863897]
 [ 6.          1.09606802]
 [ 5.          0.20988339]
 [ 6.          0.57532716]
 [14.          1.09606802]
 [13.          0.2705622 ]
 [10.          0.40248865]
 [ 3.          0.58811957]
 [ 4.          0.66330594]
 [ 5.          0.61140656]
 [ 6.          0.59332889]
 [ 7.          0.41928986]
 [ 8.          0.53363353]
 [12.          0.57688016]
 [11.          0.23963167]
 [16.          0.62681192]
 [ 4.          1.06128705]
 [ 6.          0.86439335]
 [ 7.          0.55743009]
 [12.          0.28115934]
 [ 9.          0.25104341]
 [16.          0.19604632]
 [10.          0.23454183]
 [ 5.          0.31171209]
 [ 8.          1.09606802]
 [ 8.          0.29649526]
 [12.          0.63140571]
 [ 9.          0.56896627]
 [13.          0.24834178]
 [14.          0.13576275]
 [16.          0.29523224]
 [10.          0.65797681]
 [14.          0.16640072]
 [15.          0.31011182]
 [17.          0.1698745 ]
 [11.          0.27615765]
 [19.          0.16936412]
 [12.          0.22644785]
 [18.          0.17117091]
 [ 6.          0.26359501]
 [11.          0.25155824]
 [11.          0.21564177]
 [12.          0.1715222 ]
 [18.          0.23784587]
 [19.          0.49839771]
 [13.          0.21981768]
 [14.          0.21623828]
 [ 7.          0.26397961]
 [17.          0.23067588]
 [11.          0.1733472 ]
 [12.          0.36537468]
 [20.          0.18209483]
 [14.          0.26395011]
 [20.          0.16656606]
 [22.          0.12808146]
 [15.          0.25114062]
 [ 8.          0.3511813 ]
 [14.          0.21940777]
 [23.          0.37976396]
 [16.          0.16760691]
 [24.          0.23255205]]
dec 8 
: [list([1]) list([1, 1]) list([1, 1, 1]) list([1, 2]) list([1, 3])
 list([2]) list([2, 1]) list([2, 2]) list([2, 2, 1]) list([2, 2, 1, 2])
 list([2, 3]) list([2, 4]) list([2, 4, 6, 6]) list([2, 7, 4]) list([2, 8])
 list([3]) list([3, 1]) list([3, 2]) list([3, 3]) list([3, 3, 1])
 list([3, 4]) list([3, 5]) list([3, 8]) list([3, 8, 5]) list([4])
 list([4, 2]) list([4, 3]) list([4, 3, 5]) list([4, 5]) list([4, 5, 5])
 list([4, 5, 7]) list([4, 6]) list([5]) list([5, 2]) list([5, 3])
 list([5, 3, 7]) list([5, 4]) list([5, 4, 4]) list([5, 4, 5]) list([5, 5])
 list([5, 5, 4]) list([5, 5, 5, 4]) list([5, 5, 6]) list([5, 5, 7])
 list([5, 6]) list([5, 6, 8]) list([5, 7]) list([5, 7, 6]) list([6])
 list([6, 2]) list([6, 2, 3]) list([6, 5]) list([6, 5, 5]) list([6, 5, 6])
 list([6, 6]) list([6, 6, 4]) list([6, 6, 7]) list([6, 6, 8]) list([6, 7])
 list([6, 8]) list([7]) list([7, 3, 4]) list([7, 3, 7]) list([7, 4])
 list([7, 7]) list([7, 7, 5]) list([7, 7, 6]) list([7, 7, 8]) list([7, 8])
 list([8]) list([8, 6]) list([8, 8]) list([8, 8, 7])]
obj 8 
: [[ 1.          1.09606802]
 [ 2.          1.09606802]
 [ 3.          1.00805962]
 [ 3.          1.09606802]
 [ 4.          0.57457197]
 [ 2.          0.61290056]
 [ 3.          0.54942667]
 [ 4.          1.09606802]
 [ 5.          1.09606802]
 [ 7.          0.51863897]
 [ 5.          0.20988339]
 [ 6.          0.57532716]
 [18.          0.87082642]
 [13.          0.2705622 ]
 [10.          0.40248865]
 [ 3.          0.58811957]
 [ 4.          0.66330594]
 [ 5.          0.61140656]
 [ 6.          0.59332889]
 [ 7.          1.09606802]
 [ 7.          0.41928986]
 [ 8.          0.53363353]
 [11.          0.23963167]
 [16.          0.67565858]
 [ 4.          1.06128705]
 [ 6.          0.86439335]
 [ 7.          0.55743009]
 [12.          0.28115934]
 [ 9.          0.25104341]
 [14.          0.30827209]
 [16.          0.19604632]
 [10.          0.23454183]
 [ 5.          0.31171209]
 [ 7.          0.55516797]
 [ 8.          0.29649526]
 [15.          0.21152133]
 [ 9.          0.26850668]
 [13.          0.24834178]
 [14.          0.13576275]
 [10.          0.3642326 ]
 [14.          0.16640072]
 [19.          0.23965289]
 [16.          0.23262841]
 [17.          0.1698745 ]
 [11.          0.27615765]
 [19.          0.16936412]
 [12.          0.22644785]
 [18.          0.17117091]
 [ 6.          0.26359501]
 [ 8.          1.09606802]
 [11.          0.25155824]
 [11.          0.21564177]
 [16.          0.43061975]
 [17.          0.56975746]
 [12.          0.1715222 ]
 [16.          1.09606826]
 [19.          0.1753561 ]
 [20.          0.1986158 ]
 [13.          0.21981768]
 [14.          0.21623828]
 [ 7.          0.26397961]
 [14.          1.09606826]
 [17.          0.23067588]
 [11.          0.1733472 ]
 [14.          0.26395011]
 [19.          0.33374903]
 [20.          0.16656606]
 [22.          0.12808146]
 [15.          0.25114062]
 [ 8.          0.3511813 ]
 [14.          0.21940777]
 [16.          0.16760691]
 [23.          0.30312103]]
dec 9 
: [list([1]) list([1, 1]) list([1, 1, 1]) list([1, 2]) list([1, 3])
 list([1, 3, 3]) list([1, 6]) list([2]) list([2, 1]) list([2, 2])
 list([2, 2, 1, 2]) list([2, 2, 3]) list([2, 3]) list([2, 4])
 list([2, 7, 4]) list([3]) list([3, 1]) list([3, 2]) list([3, 3])
 list([3, 3, 2]) list([3, 3, 8]) list([3, 4]) list([3, 4, 3])
 list([3, 4, 6]) list([3, 6]) list([3, 8]) list([4]) list([4, 2])
 list([4, 2, 6]) list([4, 4]) list([4, 4, 6]) list([4, 5]) list([4, 5, 7])
 list([4, 6]) list([4, 8]) list([5]) list([5, 1, 2]) list([5, 3])
 list([5, 3, 7]) list([5, 4]) list([5, 4, 4]) list([5, 4, 5])
 list([5, 5, 4]) list([5, 5, 6]) list([5, 5, 7]) list([5, 6])
 list([5, 6, 8]) list([5, 7]) list([5, 7, 6]) list([6]) list([6, 2, 3])
 list([6, 5]) list([6, 6]) list([6, 6, 5, 5]) list([6, 6, 6, 5])
 list([6, 6, 7]) list([6, 6, 8]) list([6, 7]) list([6, 8]) list([7])
 list([7, 3, 7]) list([7, 4]) list([7, 7]) list([7, 7, 6]) list([7, 7, 8])
 list([7, 7, 8, 6]) list([8]) list([8, 6]) list([8, 8])]
obj 9 
: [[ 1.          1.09606802]
 [ 2.          1.09606802]
 [ 3.          1.00805962]
 [ 3.          1.09606802]
 [ 4.          0.57457197]
 [ 7.          1.09606802]
 [ 7.          0.55611801]
 [ 2.          0.61290056]
 [ 3.          0.54942667]
 [ 4.          1.09606802]
 [ 7.          0.51863897]
 [ 7.          0.59242189]
 [ 5.          0.20988339]
 [ 6.          0.57532716]
 [13.          0.2705622 ]
 [ 3.          0.58811957]
 [ 4.          0.66330594]
 [ 5.          0.61140656]
 [ 6.          0.59332889]
 [ 8.          0.71770346]
 [14.          0.3673946 ]
 [ 7.          0.41928986]
 [10.          0.43744001]
 [13.          0.5274691 ]
 [ 9.          0.54958224]
 [11.          0.23963167]
 [ 4.          1.06128705]
 [ 6.          0.86439335]
 [12.          1.09606826]
 [ 8.          1.09684098]
 [14.          0.54679382]
 [ 9.          0.25104341]
 [16.          0.19604632]
 [10.          0.23454183]
 [12.          0.34741408]
 [ 5.          0.31171209]
 [ 8.          0.5809139 ]
 [ 8.          0.29649526]
 [15.          0.21152133]
 [ 9.          0.26850668]
 [13.          0.24834178]
 [14.          0.13576275]
 [14.          0.16640072]
 [16.          0.23262841]
 [17.          0.1698745 ]
 [11.          0.27615765]
 [19.          0.16936412]
 [12.          0.22644785]
 [18.          0.17117091]
 [ 6.          0.26359501]
 [11.          0.25155824]
 [11.          0.21564177]
 [12.          0.1715222 ]
 [22.          0.95615262]
 [23.          0.209159  ]
 [19.          0.5787366 ]
 [20.          0.31166178]
 [13.          0.21981768]
 [14.          0.21623828]
 [ 7.          0.26397961]
 [17.          0.23067588]
 [11.          0.1733472 ]
 [14.          0.26395011]
 [20.          0.16656606]
 [22.          0.12808146]
 [28.          0.17856595]
 [ 8.          0.39007604]
 [14.          0.21940777]
 [16.          0.16760691]]
dec 10 
: [list([1]) list([1, 1]) list([1, 1, 1]) list([1, 2]) list([1, 3])
 list([1, 7, 6]) list([2]) list([2, 1]) list([2, 2]) list([2, 2, 1, 2])
 list([2, 2, 2]) list([2, 3]) list([2, 4]) list([2, 7, 2]) list([2, 7, 4])
 list([3]) list([3, 1]) list([3, 2]) list([3, 3]) list([3, 4])
 list([3, 4, 6]) list([3, 5, 5]) list([3, 7, 3, 3]) list([3, 8]) list([4])
 list([4, 2]) list([4, 3]) list([4, 4]) list([4, 4, 5]) list([4, 4, 6])
 list([4, 5]) list([4, 5, 7]) list([4, 6]) list([4, 6, 5]) list([5])
 list([5, 1]) list([5, 2]) list([5, 3]) list([5, 3, 7]) list([5, 4])
 list([5, 4, 4]) list([5, 4, 5]) list([5, 5]) list([5, 5, 4])
 list([5, 5, 5]) list([5, 5, 6]) list([5, 5, 7]) list([5, 6])
 list([5, 6, 8]) list([5, 7]) list([5, 7, 6]) list([5, 8]) list([6])
 list([6, 2, 3]) list([6, 5]) list([6, 6]) list([6, 6, 3]) list([6, 6, 5])
 list([6, 6, 7]) list([6, 7]) list([6, 8]) list([7]) list([7, 3, 7])
 list([7, 4]) list([7, 7]) list([7, 7, 6]) list([7, 7, 7]) list([7, 7, 8])
 list([8]) list([8, 3]) list([8, 4, 8]) list([8, 6]) list([8, 8])]
obj 10 
: [[ 1.          1.09606802]
 [ 2.          1.09606802]
 [ 3.          1.00805962]
 [ 3.          1.09606802]
 [ 4.          0.57457197]
 [14.          0.38278636]
 [ 2.          0.61290056]
 [ 3.          0.54942667]
 [ 4.          1.09606802]
 [ 7.          0.51863897]
 [ 6.          0.65434951]
 [ 5.          0.20988339]
 [ 6.          0.57532716]
 [11.          1.0061965 ]
 [13.          0.2705622 ]
 [ 3.          0.58811957]
 [ 4.          0.66330594]
 [ 5.          0.61140656]
 [ 6.          0.59332889]
 [ 7.          0.41928986]
 [13.          0.1673509 ]
 [13.          1.09606802]
 [16.          1.09606957]
 [11.          0.23963167]
 [ 4.          1.06128705]
 [ 6.          0.86439335]
 [ 7.          0.58770406]
 [ 8.          0.91005147]
 [13.          0.55997479]
 [14.          0.20272709]
 [ 9.          0.25104341]
 [16.          0.19604632]
 [10.          0.23454183]
 [15.          0.49126798]
 [ 5.          0.31171209]
 [ 6.          1.09606802]
 [ 7.          0.63043588]
 [ 8.          0.29649526]
 [15.          0.21152133]
 [ 9.          0.26850668]
 [13.          0.24834178]
 [14.          0.13576275]
 [10.          0.44119313]
 [14.          0.16640072]
 [15.          0.60655665]
 [16.          0.23262841]
 [17.          0.1698745 ]
 [11.          0.27615765]
 [19.          0.16936412]
 [12.          0.22644785]
 [18.          0.17117091]
 [13.          0.92449033]
 [ 6.          0.26359501]
 [11.          0.25155824]
 [11.          0.21564177]
 [12.          0.1715222 ]
 [15.          0.36657602]
 [17.          0.40092376]
 [19.          0.59084606]
 [13.          0.21981768]
 [14.          0.21623828]
 [ 7.          0.26397961]
 [17.          0.23067588]
 [11.          0.1733472 ]
 [14.          0.26395011]
 [20.          0.16656606]
 [21.          0.38213903]
 [22.          0.12808146]
 [ 8.          0.66772527]
 [11.          0.76635367]
 [20.          0.64025372]
 [14.          0.21940777]
 [16.          0.16760691]]
dec 11 
: [list([1]) list([1, 1]) list([1, 1, 1]) list([1, 1, 2, 3]) list([1, 2])
 list([1, 3]) list([2]) list([2, 1]) list([2, 2]) list([2, 2, 1, 2])
 list([2, 2, 2]) list([2, 2, 2, 3]) list([2, 3]) list([2, 3, 7])
 list([2, 4]) list([2, 5]) list([2, 7, 4]) list([3]) list([3, 1])
 list([3, 2]) list([3, 3]) list([3, 3, 2, 3]) list([3, 3, 3])
 list([3, 3, 6]) list([3, 4]) list([3, 4, 6]) list([3, 8]) list([3, 8, 5])
 list([4]) list([4, 2]) list([4, 2, 6]) list([4, 4]) list([4, 4, 6])
 list([4, 5]) list([4, 5, 7]) list([4, 6]) list([5]) list([5, 3])
 list([5, 3, 7]) list([5, 4]) list([5, 4, 4]) list([5, 4, 5]) list([5, 5])
 list([5, 5, 4]) list([5, 5, 4, 4]) list([5, 5, 5]) list([5, 5, 7])
 list([5, 6]) list([5, 6, 8]) list([5, 7]) list([5, 7, 6]) list([6])
 list([6, 2, 3]) list([6, 5]) list([6, 6]) list([6, 6, 6])
 list([6, 6, 6, 7]) list([6, 6, 6, 8]) list([6, 7]) list([6, 8]) list([7])
 list([7, 4]) list([7, 6, 7]) list([7, 7, 6]) list([7, 7, 8]) list([8, 6])
 list([8, 8])]
obj 11 
: [[ 1.          1.09606802]
 [ 2.          1.09606802]
 [ 3.          1.00805962]
 [ 7.          1.09606802]
 [ 3.          1.09606802]
 [ 4.          0.57457197]
 [ 2.          0.61290056]
 [ 3.          0.54942667]
 [ 4.          1.09606802]
 [ 7.          0.51863897]
 [ 6.          0.65434951]
 [ 9.          1.09606802]
 [ 5.          0.20988339]
 [12.          0.39905301]
 [ 6.          0.57532716]
 [ 7.          1.09606802]
 [13.          0.2705622 ]
 [ 3.          0.58811957]
 [ 4.          0.66330594]
 [ 5.          0.61140656]
 [ 6.          0.59332889]
 [11.          1.09606802]
 [ 9.          1.09975708]
 [12.          0.62070888]
 [ 7.          0.41928986]
 [13.          0.1673509 ]
 [11.          0.23963167]
 [16.          0.55233777]
 [ 4.          1.06128705]
 [ 6.          1.09606802]
 [12.          1.09606802]
 [ 8.          0.57383573]
 [14.          0.20272709]
 [ 9.          0.25104341]
 [16.          0.19604632]
 [10.          0.23454183]
 [ 5.          0.31171209]
 [ 8.          0.29649526]
 [15.          0.21152133]
 [ 9.          0.26850668]
 [13.          0.24834178]
 [14.          0.13576275]
 [10.          0.44119313]
 [14.          0.16640072]
 [18.          0.56175798]
 [15.          0.63627905]
 [17.          0.1698745 ]
 [11.          0.27615765]
 [19.          0.16936412]
 [12.          0.22644785]
 [18.          0.17117091]
 [ 6.          0.26359501]
 [11.          0.25155824]
 [11.          0.21564177]
 [12.          0.1715222 ]
 [18.          0.1575316 ]
 [25.          0.17295583]
 [26.          0.64170671]
 [13.          0.21981768]
 [14.          0.21623828]
 [ 7.          0.26397961]
 [11.          0.1733472 ]
 [20.          0.47662356]
 [20.          0.16656606]
 [22.          0.12808146]
 [14.          0.21940777]
 [16.          0.16760691]]
dec 12 
: [list([1]) list([1, 1]) list([1, 1, 1]) list([1, 1, 3]) list([1, 2])
 list([1, 3]) list([2]) list([2, 1]) list([2, 2]) list([2, 2, 1, 2])
 list([2, 2, 2]) list([2, 3]) list([2, 4]) list([2, 7, 3]) list([2, 7, 4])
 list([3]) list([3, 1]) list([3, 2]) list([3, 3]) list([3, 3, 4])
 list([3, 4]) list([3, 4, 6]) list([3, 5, 4]) list([3, 8]) list([4])
 list([4, 3]) list([4, 4]) list([4, 4, 4, 6]) list([4, 4, 6]) list([4, 5])
 list([4, 5, 7]) list([4, 6]) list([4, 6, 5]) list([5]) list([5, 3])
 list([5, 3, 7]) list([5, 4]) list([5, 4, 4]) list([5, 4, 5]) list([5, 5])
 list([5, 5, 4]) list([5, 5, 7]) list([5, 6]) list([5, 6, 6])
 list([5, 6, 8]) list([5, 7]) list([5, 7, 6]) list([5, 8]) list([6])
 list([6, 2]) list([6, 2, 3]) list([6, 3]) list([6, 5]) list([6, 5, 5])
 list([6, 5, 6]) list([6, 6]) list([6, 6, 3]) list([6, 6, 6]) list([6, 7])
 list([6, 7, 6]) list([6, 8]) list([7]) list([7, 2]) list([7, 4])
 list([7, 7, 6]) list([7, 7, 8]) list([8]) list([8, 5, 4, 6])
 list([8, 7, 3, 1]) list([8, 8])]
obj 12 
: [[ 1.          1.09606802]
 [ 2.          1.09606802]
 [ 3.          1.00805962]
 [ 5.          0.6788969 ]
 [ 3.          1.09606802]
 [ 4.          0.57457197]
 [ 2.          0.61290056]
 [ 3.          0.54942667]
 [ 4.          1.09606802]
 [ 7.          0.51863897]
 [ 6.          0.65434951]
 [ 5.          0.20988339]
 [ 6.          0.57532716]
 [12.          0.64681953]
 [13.          0.2705622 ]
 [ 3.          0.58811957]
 [ 4.          0.66330594]
 [ 5.          0.61140656]
 [ 6.          0.59332889]
 [10.          0.40862924]
 [ 7.          0.41928986]
 [13.          0.1673509 ]
 [12.          0.63739681]
 [11.          0.23963167]
 [ 4.          1.06128705]
 [ 7.          0.57285988]
 [ 8.          0.22808632]
 [18.          1.09606802]
 [14.          0.20272709]
 [ 9.          0.25104341]
 [16.          0.19604632]
 [10.          0.23454183]
 [15.          0.45037115]
 [ 5.          0.31171209]
 [ 8.          0.29649526]
 [15.          0.21152133]
 [ 9.          0.26850668]
 [13.          0.24834178]
 [14.          0.13576275]
 [10.          0.44119313]
 [14.          0.16640072]
 [17.          0.1698745 ]
 [11.          0.27615765]
 [17.          0.39487314]
 [19.          0.16936412]
 [12.          0.22644785]
 [18.          0.17117091]
 [13.          0.19473661]
 [ 6.          0.26359501]
 [ 8.          0.45300585]
 [11.          0.25155824]
 [ 9.          0.32973728]
 [11.          0.21564177]
 [16.          0.5651437 ]
 [17.          0.21508193]
 [12.          0.1715222 ]
 [15.          0.43213758]
 [18.          0.1575316 ]
 [13.          0.21981768]
 [19.          0.46606642]
 [14.          0.21623828]
 [ 7.          0.26397961]
 [ 9.          0.71532416]
 [11.          0.1733472 ]
 [20.          0.16656606]
 [22.          0.12808146]
 [ 8.          0.24631383]
 [23.          1.09606802]
 [19.          0.580975  ]
 [16.          0.16760691]]
dec 13 
: [list([1]) list([1, 1]) list([1, 1, 1]) list([1, 1, 3]) list([1, 2])
 list([1, 3]) list([2]) list([2, 1]) list([2, 2]) list([2, 2, 1, 2])
 list([2, 2, 2]) list([2, 3]) list([2, 3, 4]) list([2, 3, 5]) list([2, 4])
 list([2, 7]) list([3]) list([3, 1]) list([3, 2]) list([3, 3])
 list([3, 3, 2]) list([3, 3, 3]) list([3, 3, 5]) list([3, 4])
 list([3, 4, 3]) list([3, 4, 6]) list([3, 8]) list([4]) list([4, 2])
 list([4, 3]) list([4, 4]) list([4, 4, 4]) list([4, 4, 4, 3])
 list([4, 4, 6]) list([4, 5]) list([4, 5, 7]) list([4, 6]) list([4, 6, 7])
 list([5]) list([5, 3]) list([5, 3, 7]) list([5, 4]) list([5, 4, 4])
 list([5, 4, 5]) list([5, 5, 3]) list([5, 5, 4]) list([5, 5, 5])
 list([5, 5, 7]) list([5, 6, 8]) list([5, 7]) list([5, 7, 6]) list([5, 8])
 list([6]) list([6, 1, 7, 7]) list([6, 5]) list([6, 6]) list([6, 6, 6])
 list([6, 6, 8]) list([6, 7]) list([6, 8]) list([7]) list([7, 4])
 list([7, 7]) list([7, 7, 6]) list([7, 7, 7, 6]) list([7, 7, 8])
 list([7, 8]) list([8]) list([8, 7]) list([8, 8])]
obj 13 
: [[ 1.          1.09606802]
 [ 2.          1.09606802]
 [ 3.          1.00805962]
 [ 5.          0.6788969 ]
 [ 3.          1.09606802]
 [ 4.          0.57457197]
 [ 2.          0.61290056]
 [ 3.          0.54942667]
 [ 4.          1.09606802]
 [ 7.          0.51863897]
 [ 6.          0.65434951]
 [ 5.          0.20988339]
 [ 9.          1.09606802]
 [10.          0.57650369]
 [ 6.          0.57532716]
 [ 9.          1.09606802]
 [ 3.          0.58811957]
 [ 4.          0.66330594]
 [ 5.          0.61140656]
 [ 6.          0.59332889]
 [ 8.          1.09606802]
 [ 9.          0.37066552]
 [11.          1.09606802]
 [ 7.          0.41928986]
 [10.          0.58036691]
 [13.          0.1673509 ]
 [11.          0.23963167]
 [ 4.          1.06128705]
 [ 6.          1.09606802]
 [ 7.          0.57582057]
 [ 8.          0.22808632]
 [12.          1.09606802]
 [15.          0.88083595]
 [14.          0.20272709]
 [ 9.          0.25104341]
 [16.          0.19604632]
 [10.          0.23454183]
 [17.          1.09607303]
 [ 5.          0.31171209]
 [ 8.          0.29649526]
 [15.          0.21152133]
 [ 9.          0.26850668]
 [13.          0.24834178]
 [14.          0.13576275]
 [13.          0.63421029]
 [14.          0.16640072]
 [15.          0.5101546 ]
 [17.          0.1698745 ]
 [19.          0.16936412]
 [12.          0.22644785]
 [18.          0.17117091]
 [13.          0.19473661]
 [ 6.          0.26359501]
 [21.          1.09606802]
 [11.          0.21564177]
 [12.          0.1715222 ]
 [18.          0.1575316 ]
 [20.          0.46472448]
 [13.          0.21981768]
 [14.          0.21623828]
 [ 7.          0.26397961]
 [11.          0.1733472 ]
 [14.          0.28896126]
 [20.          0.16656606]
 [27.          0.35338706]
 [22.          0.12808146]
 [15.          0.23657067]
 [ 8.          0.24631383]
 [15.          0.31511322]
 [16.          0.16760691]]
dec 14 
: [list([1]) list([1, 1]) list([1, 1, 1]) list([1, 1, 3]) list([1, 2])
 list([1, 3]) list([1, 3, 2]) list([1, 7]) list([2]) list([2, 1])
 list([2, 2]) list([2, 2, 1, 2]) list([2, 2, 2]) list([2, 2, 2, 2])
 list([2, 3]) list([2, 4]) list([2, 7, 5]) list([3]) list([3, 1])
 list([3, 2]) list([3, 3]) list([3, 4]) list([3, 4, 6]) list([3, 5, 6])
 list([3, 8]) list([4]) list([4, 2]) list([4, 4]) list([4, 4, 6])
 list([4, 4, 7]) list([4, 5]) list([4, 5, 7]) list([4, 6]) list([5])
 list([5, 3]) list([5, 3, 5, 6]) list([5, 3, 7]) list([5, 4])
 list([5, 4, 4]) list([5, 4, 5]) list([5, 5]) list([5, 5, 3, 4])
 list([5, 5, 4]) list([5, 5, 5]) list([5, 5, 5, 7]) list([5, 5, 7])
 list([5, 6]) list([5, 6, 8]) list([5, 7]) list([5, 7, 6]) list([5, 8])
 list([6]) list([6, 5]) list([6, 6]) list([6, 6, 6]) list([6, 6, 7, 5])
 list([6, 7]) list([6, 8]) list([7]) list([7, 4]) list([7, 7])
 list([7, 7, 6]) list([7, 7, 8]) list([7, 8]) list([8]) list([8, 8])]
obj 14 
: [[ 1.          1.09606802]
 [ 2.          1.09606802]
 [ 3.          1.00805962]
 [ 5.          0.6788969 ]
 [ 3.          1.09606802]
 [ 4.          0.57457197]
 [ 6.          1.09606802]
 [ 8.          0.56916481]
 [ 2.          0.61290056]
 [ 3.          0.54942667]
 [ 4.          1.09606802]
 [ 7.          0.51863897]
 [ 6.          0.65434951]
 [ 8.          1.09606802]
 [ 5.          0.20988339]
 [ 6.          0.57532716]
 [14.          0.42317754]
 [ 3.          0.58811957]
 [ 4.          0.66330594]
 [ 5.          0.61140656]
 [ 6.          0.59332889]
 [ 7.          0.41928986]
 [13.          0.1673509 ]
 [14.          0.69096214]
 [11.          0.23963167]
 [ 4.          1.06128705]
 [ 6.          0.54228795]
 [ 8.          0.22808632]
 [14.          0.20272709]
 [15.          0.21103194]
 [ 9.          0.25104341]
 [16.          0.19604632]
 [10.          0.23454183]
 [ 5.          0.31171209]
 [ 8.          0.29649526]
 [19.          1.09606802]
 [15.          0.21152133]
 [ 9.          0.26850668]
 [13.          0.24834178]
 [14.          0.13576275]
 [10.          0.7988041 ]
 [17.          0.55630696]
 [14.          0.16640072]
 [15.          0.58953744]
 [22.          0.36013591]
 [17.          0.1698745 ]
 [11.          0.17281383]
 [19.          0.16936412]
 [12.          0.22644785]
 [18.          0.17117091]
 [13.          0.19473661]
 [ 6.          0.26359501]
 [11.          0.21564177]
 [12.          0.1715222 ]
 [18.          0.1575316 ]
 [24.          0.24628054]
 [13.          0.21981768]
 [14.          0.21623828]
 [ 7.          0.26397961]
 [11.          0.1733472 ]
 [14.          0.48129228]
 [20.          0.16656606]
 [22.          0.12808146]
 [15.          0.65193862]
 [ 8.          0.24631383]
 [16.          0.16760691]]
dec 15 
: [list([1]) list([1, 1]) list([1, 1, 1]) list([1, 1, 3]) list([1, 2])
 list([1, 3]) list([2]) list([2, 1]) list([2, 2]) list([2, 2, 1])
 list([2, 2, 1, 2]) list([2, 2, 2]) list([2, 3]) list([2, 3, 3])
 list([2, 4]) list([2, 5]) list([3]) list([3, 1]) list([3, 2])
 list([3, 3]) list([3, 3, 1, 3]) list([3, 3, 3]) list([3, 4])
 list([3, 4, 6]) list([3, 5]) list([3, 8]) list([4]) list([4, 1, 4])
 list([4, 2]) list([4, 3, 8]) list([4, 4]) list([4, 4, 3]) list([4, 4, 6])
 list([4, 4, 7]) list([4, 5]) list([4, 5, 7]) list([4, 6]) list([5])
 list([5, 2, 5, 5]) list([5, 3]) list([5, 4]) list([5, 4, 4])
 list([5, 4, 5]) list([5, 5]) list([5, 5, 4]) list([5, 5, 7]) list([5, 6])
 list([5, 6, 8]) list([5, 7]) list([5, 7, 6]) list([5, 8]) list([6])
 list([6, 4]) list([6, 5]) list([6, 6]) list([6, 6, 6]) list([6, 6, 6, 5])
 list([6, 7]) list([6, 7, 6]) list([6, 7, 7]) list([6, 8, 8]) list([7])
 list([7, 4]) list([7, 7, 6]) list([7, 7, 8]) list([8]) list([8, 4])
 list([8, 8])]
obj 15 
: [[ 1.          1.09606802]
 [ 2.          1.09606802]
 [ 3.          1.00805962]
 [ 5.          0.6788969 ]
 [ 3.          1.09606802]
 [ 4.          0.57457197]
 [ 2.          0.61290056]
 [ 3.          0.54942667]
 [ 4.          1.09606802]
 [ 5.          1.09606802]
 [ 7.          0.51863897]
 [ 6.          1.0973742 ]
 [ 5.          0.20988339]
 [ 8.          1.09606802]
 [ 6.          0.57532716]
 [ 7.          0.59315306]
 [ 3.          0.58811957]
 [ 4.          0.66330594]
 [ 5.          0.61140656]
 [ 6.          0.59332889]
 [10.          1.09619403]
 [ 9.          0.58936113]
 [ 7.          0.41928986]
 [13.          0.1673509 ]
 [ 8.          0.3043355 ]
 [11.          0.23963167]
 [ 4.          1.06128705]
 [ 9.          1.09606802]
 [ 6.          0.54228795]
 [15.          0.58118337]
 [ 8.          0.22808632]
 [11.          0.38396633]
 [14.          0.20272709]
 [15.          0.21103194]
 [ 9.          0.25104341]
 [16.          0.19604632]
 [10.          0.23454183]
 [ 5.          0.31171209]
 [17.          0.55423218]
 [ 8.          0.29649526]
 [ 9.          0.26850668]
 [13.          0.24834178]
 [14.          0.13576275]
 [10.          0.27013341]
 [14.          0.16640072]
 [17.          0.1698745 ]
 [11.          0.17281383]
 [19.          0.16936412]
 [12.          0.22644785]
 [18.          0.17117091]
 [13.          0.19473661]
 [ 6.          0.26359501]
 [10.          0.45240414]
 [11.          0.21564177]
 [12.          0.1715222 ]
 [18.          0.1575316 ]
 [23.          1.09606802]
 [13.          0.21981768]
 [19.          0.64578682]
 [20.          0.5469963 ]
 [22.          0.22698012]
 [ 7.          0.26397961]
 [11.          0.1733472 ]
 [20.          0.16656606]
 [22.          0.12808146]
 [ 8.          0.24631383]
 [12.          0.22241549]
 [16.          0.16760691]]
dec 16 
: [list([1]) list([1, 1]) list([1, 1, 1]) list([1, 1, 3]) list([1, 2])
 list([1, 3]) list([2]) list([2, 1]) list([2, 2]) list([2, 2, 1, 2])
 list([2, 2, 4]) list([2, 3]) list([2, 4]) list([3]) list([3, 1])
 list([3, 2]) list([3, 3]) list([3, 3, 5]) list([3, 4]) list([3, 4, 5])
 list([3, 4, 6]) list([3, 5]) list([3, 8]) list([4]) list([4, 2])
 list([4, 4]) list([4, 4, 3, 6]) list([4, 4, 6]) list([4, 4, 7])
 list([4, 5]) list([4, 5, 7]) list([4, 6]) list([4, 7]) list([5])
 list([5, 3]) list([5, 4]) list([5, 4, 5]) list([5, 5]) list([5, 5, 4])
 list([5, 5, 5]) list([5, 5, 7]) list([5, 5, 8]) list([5, 6])
 list([5, 6, 8]) list([5, 7]) list([5, 8]) list([6]) list([6, 2])
 list([6, 3]) list([6, 5]) list([6, 6]) list([6, 6, 5]) list([6, 6, 6])
 list([6, 7]) list([7]) list([7, 4]) list([7, 7, 6]) list([7, 7, 7, 3])
 list([7, 7, 8]) list([7, 8]) list([8]) list([8, 4]) list([8, 7])
 list([8, 8])]
obj 16 
: [[ 1.          1.09606802]
 [ 2.          1.09606802]
 [ 3.          1.00805962]
 [ 5.          0.6788969 ]
 [ 3.          1.09606802]
 [ 4.          0.57457197]
 [ 2.          0.61290056]
 [ 3.          0.54942667]
 [ 4.          1.09606802]
 [ 7.          0.51863897]
 [ 8.          0.77430576]
 [ 5.          0.20988339]
 [ 6.          0.57532716]
 [ 3.          0.58811957]
 [ 4.          0.66330594]
 [ 5.          0.61140656]
 [ 6.          0.59332889]
 [11.          1.09606802]
 [ 7.          0.41928986]
 [12.          0.31407577]
 [13.          0.1673509 ]
 [ 8.          0.3043355 ]
 [11.          0.23963167]
 [ 4.          1.06128705]
 [ 6.          0.54228795]
 [ 8.          0.22808632]
 [17.          1.09606802]
 [14.          0.20272709]
 [15.          0.21103194]
 [ 9.          0.25104341]
 [16.          0.19604632]
 [10.          0.23454183]
 [11.          0.30304125]
 [ 5.          0.31171209]
 [ 8.          0.29649526]
 [ 9.          0.26850668]
 [14.          0.13576275]
 [10.          0.54800618]
 [14.          0.16640072]
 [15.          0.68056655]
 [17.          0.1698745 ]
 [18.          0.47935635]
 [11.          0.17281383]
 [19.          0.16936412]
 [12.          0.22644785]
 [13.          0.19473661]
 [ 6.          0.26359501]
 [ 8.          1.09606862]
 [ 9.          0.98074323]
 [11.          0.21564177]
 [12.          0.1715222 ]
 [17.          0.58183253]
 [18.          0.1575316 ]
 [13.          0.21981768]
 [ 7.          0.26397961]
 [11.          0.1733472 ]
 [20.          0.16656606]
 [24.          0.55047548]
 [22.          0.12808146]
 [15.          0.20370203]
 [ 8.          0.24631383]
 [12.          0.22241549]
 [15.          0.19891961]
 [16.          0.16760691]]
dec 17 
: [list([1]) list([1, 1]) list([1, 1, 1]) list([1, 1, 3]) list([1, 2])
 list([1, 3]) list([2]) list([2, 1]) list([2, 1, 7]) list([2, 2])
 list([2, 2, 1, 2]) list([2, 2, 2]) list([2, 2, 4]) list([2, 3])
 list([2, 4]) list([3]) list([3, 1]) list([3, 2]) list([3, 2, 3])
 list([3, 3]) list([3, 3, 3]) list([3, 4]) list([3, 4, 6]) list([3, 5])
 list([3, 5, 4]) list([3, 8]) list([4]) list([4, 2]) list([4, 3])
 list([4, 4]) list([4, 4, 4, 4]) list([4, 4, 6]) list([4, 5])
 list([4, 5, 7]) list([4, 6]) list([5]) list([5, 3]) list([5, 4])
 list([5, 4, 5]) list([5, 5, 4]) list([5, 5, 7]) list([5, 6])
 list([5, 6, 8]) list([5, 7]) list([5, 8]) list([6]) list([6, 5])
 list([6, 5, 6]) list([6, 6]) list([6, 6, 5]) list([6, 6, 6])
 list([6, 6, 8]) list([6, 7]) list([6, 7, 1]) list([6, 8])
 list([6, 8, 6, 8]) list([7]) list([7, 4]) list([7, 7]) list([7, 7, 6])
 list([7, 7, 8]) list([8]) list([8, 4]) list([8, 7]) list([8, 8])
 list([8, 8, 7])]
obj 17 
: [[ 1.          1.09606802]
 [ 2.          1.09606802]
 [ 3.          1.00805962]
 [ 5.          0.6788969 ]
 [ 3.          1.09606802]
 [ 4.          0.57457197]
 [ 2.          0.61290056]
 [ 3.          0.54942667]
 [10.          0.71619189]
 [ 4.          1.09606802]
 [ 7.          0.51863897]
 [ 6.          1.09606802]
 [ 8.          1.09606802]
 [ 5.          0.20988339]
 [ 6.          0.57532716]
 [ 3.          0.58811957]
 [ 4.          0.66330594]
 [ 5.          0.61140656]
 [ 8.          0.75602776]
 [ 6.          0.59332889]
 [ 9.          1.09606802]
 [ 7.          0.41928986]
 [13.          0.1673509 ]
 [ 8.          0.3043355 ]
 [12.          0.34397459]
 [11.          0.23963167]
 [ 4.          1.06128705]
 [ 6.          0.54228795]
 [ 7.          0.64767385]
 [ 8.          0.22808632]
 [16.          1.09606826]
 [14.          0.20272709]
 [ 9.          0.25104341]
 [16.          0.19604632]
 [10.          0.23454183]
 [ 5.          0.31171209]
 [ 8.          0.29649526]
 [ 9.          0.26850668]
 [14.          0.13576275]
 [14.          0.16640072]
 [17.          0.1698745 ]
 [11.          0.17281383]
 [19.          0.16936412]
 [12.          0.22644785]
 [13.          0.19473661]
 [ 6.          0.26359501]
 [11.          0.21564177]
 [17.          0.50901532]
 [12.          0.1715222 ]
 [17.          0.54194337]
 [18.          0.1575316 ]
 [20.          0.35364813]
 [13.          0.21981768]
 [14.          1.09606802]
 [14.          0.21183866]
 [28.          0.33558604]
 [ 7.          0.26397961]
 [11.          0.1733472 ]
 [14.          0.2020269 ]
 [20.          0.16656606]
 [22.          0.12808146]
 [ 8.          0.24631383]
 [12.          0.22241549]
 [15.          0.19891961]
 [16.          0.16760691]
 [23.          0.17443822]]
dec 18 
: [list([1]) list([1, 1]) list([1, 1, 1]) list([1, 1, 3]) list([1, 2])
 list([1, 3]) list([2]) list([2, 1]) list([2, 2]) list([2, 2, 1, 2])
 list([2, 2, 3]) list([2, 3]) list([2, 4]) list([2, 7]) list([3])
 list([3, 1]) list([3, 1, 3]) list([3, 2]) list([3, 3]) list([3, 4])
 list([3, 4, 6]) list([3, 5]) list([3, 6]) list([3, 6, 4]) list([3, 8])
 list([4]) list([4, 2]) list([4, 3]) list([4, 4]) list([4, 4, 3])
 list([4, 4, 6]) list([4, 5]) list([4, 5, 7]) list([4, 6]) list([5])
 list([5, 3]) list([5, 4]) list([5, 4, 5]) list([5, 5]) list([5, 5, 4])
 list([5, 5, 5]) list([5, 5, 7]) list([5, 6]) list([5, 6, 8]) list([5, 7])
 list([5, 8]) list([5, 8, 8]) list([6]) list([6, 3, 3]) list([6, 4])
 list([6, 5]) list([6, 6]) list([6, 6, 5]) list([6, 6, 6]) list([6, 6, 7])
 list([6, 7]) list([6, 8, 7]) list([7]) list([7, 4]) list([7, 7])
 list([7, 7, 6]) list([7, 7, 8]) list([8]) list([8, 4]) list([8, 7])
 list([8, 8]) list([8, 8, 8])]
obj 18 
: [[ 1.          1.09606802]
 [ 2.          1.09606802]
 [ 3.          1.00805962]
 [ 5.          0.6788969 ]
 [ 3.          1.09606802]
 [ 4.          0.57457197]
 [ 2.          0.61290056]
 [ 3.          0.54942667]
 [ 4.          1.09606802]
 [ 7.          0.51863897]
 [ 7.          0.59778398]
 [ 5.          0.20988339]
 [ 6.          0.57532716]
 [ 9.          1.09606802]
 [ 3.          0.58811957]
 [ 4.          0.66330594]
 [ 7.          1.09606802]
 [ 5.          0.61140656]
 [ 6.          0.59332889]
 [ 7.          0.41928986]
 [13.          0.1673509 ]
 [ 8.          0.3043355 ]
 [ 9.          0.61863226]
 [13.          1.09606802]
 [11.          0.23963167]
 [ 4.          1.06128705]
 [ 6.          0.54228795]
 [ 7.          1.09606802]
 [ 8.          0.22808632]
 [11.          0.54291779]
 [14.          0.20272709]
 [ 9.          0.25104341]
 [16.          0.19604632]
 [10.          0.23454183]
 [ 5.          0.31171209]
 [ 8.          0.29649526]
 [ 9.          0.26850668]
 [14.          0.13576275]
 [10.          1.09606802]
 [14.          0.16640072]
 [15.          1.07519913]
 [17.          0.1698745 ]
 [11.          0.17281383]
 [19.          0.16936412]
 [12.          0.69685924]
 [13.          0.19473661]
 [21.          0.20782275]
 [ 6.          0.26359501]
 [12.          1.09606862]
 [10.          0.35298714]
 [11.          0.21564177]
 [12.          0.1715222 ]
 [17.          0.51655948]
 [18.          0.1575316 ]
 [19.          0.24855945]
 [13.          0.21981768]
 [21.          0.20789357]
 [ 7.          0.26397961]
 [11.          0.1733472 ]
 [14.          0.2020269 ]
 [20.          0.16656606]
 [22.          0.12808146]
 [ 8.          0.24631383]
 [12.          0.22241549]
 [15.          0.19891961]
 [16.          0.16760691]
 [24.          0.20112234]]
dec 19 
: [list([1]) list([1, 1]) list([1, 1, 1]) list([1, 1, 3]) list([1, 2])
 list([1, 3]) list([2]) list([2, 1]) list([2, 2]) list([2, 2, 1, 2])
 list([2, 2, 2]) list([2, 2, 4]) list([2, 3]) list([2, 4]) list([3])
 list([3, 1]) list([3, 2]) list([3, 3]) list([3, 4]) list([3, 4, 6])
 list([3, 5]) list([3, 8]) list([4]) list([4, 2]) list([4, 3, 4])
 list([4, 4]) list([4, 4, 3]) list([4, 4, 5]) list([4, 4, 5, 5])
 list([4, 4, 6]) list([4, 5]) list([4, 5, 6]) list([4, 5, 7]) list([4, 6])
 list([4, 7, 7]) list([5]) list([5, 3]) list([5, 4]) list([5, 4, 5])
 list([5, 5, 4]) list([5, 5, 5, 7]) list([5, 5, 7]) list([5, 6])
 list([5, 6, 8]) list([5, 7]) list([5, 8]) list([6]) list([6, 5])
 list([6, 6]) list([6, 6, 5]) list([6, 6, 6]) list([6, 6, 7]) list([6, 7])
 list([7]) list([7, 3]) list([7, 4]) list([7, 6]) list([7, 7])
 list([7, 7, 6]) list([7, 7, 8]) list([8]) list([8, 4]) list([8, 7])
 list([8, 8])]
obj 19 
: [[ 1.          1.09606802]
 [ 2.          1.09606802]
 [ 3.          1.00805962]
 [ 5.          0.6788969 ]
 [ 3.          1.09606802]
 [ 4.          0.57457197]
 [ 2.          0.61290056]
 [ 3.          0.54942667]
 [ 4.          1.09606802]
 [ 7.          0.51863897]
 [ 6.          1.0960685 ]
 [ 8.          1.09606802]
 [ 5.          0.20988339]
 [ 6.          0.57532716]
 [ 3.          0.58811957]
 [ 4.          0.66330594]
 [ 5.          0.61140656]
 [ 6.          0.59332889]
 [ 7.          0.41928986]
 [13.          0.1673509 ]
 [ 8.          0.3043355 ]
 [11.          0.23963167]
 [ 4.          1.06128705]
 [ 6.          0.54228795]
 [11.          0.56472206]
 [ 8.          0.22808632]
 [11.          0.60053533]
 [13.          0.47229058]
 [18.          1.09606802]
 [14.          0.20272709]
 [ 9.          0.25104341]
 [15.          0.3280938 ]
 [16.          0.19604632]
 [10.          0.23454183]
 [18.          0.61118633]
 [ 5.          0.31171209]
 [ 8.          0.29649526]
 [ 9.          0.26850668]
 [14.          0.13576275]
 [14.          0.16640072]
 [22.          0.75383443]
 [17.          0.1698745 ]
 [11.          0.17281383]
 [19.          0.16936412]
 [12.          0.32130808]
 [13.          0.19473661]
 [ 6.          0.26359501]
 [11.          0.21564177]
 [12.          0.1715222 ]
 [17.          0.27332127]
 [18.          0.1575316 ]
 [19.          0.40217799]
 [13.          0.21981768]
 [ 7.          0.26397961]
 [10.          0.58278692]
 [11.          0.1733472 ]
 [13.          0.20424634]
 [14.          0.2020269 ]
 [20.          0.16656606]
 [22.          0.12808146]
 [ 8.          0.24631383]
 [12.          0.22241549]
 [15.          0.19891961]
 [16.          0.16760691]]
