dec 0 
: [list([1]) list([1, 2]) list([1, 3]) list([1, 4]) list([1, 5])
 list([1, 6, 4]) list([2]) list([2, 4]) list([2, 5, 1]) list([2, 5, 6])
 list([3]) list([3, 3]) list([3, 6, 3]) list([4]) list([4, 1])
 list([4, 2]) list([4, 2, 3]) list([4, 3]) list([4, 3, 3]) list([4, 4])
 list([4, 5]) list([5, 1]) list([5, 2]) list([5, 3, 4]) list([5, 4])
 list([5, 5]) list([5, 6]) list([6, 1, 1]) list([6, 2])]
obj 0 
: [[ 1.          0.4983511 ]
 [ 3.          1.01982009]
 [ 4.          1.09606719]
 [ 5.          1.09606719]
 [ 6.          1.09606719]
 [11.          1.09606719]
 [ 2.          0.48685196]
 [ 6.          0.20649439]
 [ 8.          1.09606719]
 [13.          0.05353929]
 [ 3.          0.19584042]
 [ 6.          0.07208931]
 [12.          0.07902277]
 [ 4.          0.48509556]
 [ 5.          0.49230698]
 [ 6.          0.29719913]
 [ 9.          0.14089581]
 [ 7.          0.22608525]
 [10.          1.09606719]
 [ 8.          0.11332219]
 [ 9.          0.07375342]
 [ 6.          1.09606719]
 [ 7.          0.12331306]
 [12.          0.06576414]
 [ 9.          0.08673582]
 [10.          0.14800958]
 [11.          0.05572141]
 [ 8.          1.09606719]
 [ 8.          1.09606755]]
dec 1 
: [list([1]) list([1, 2]) list([1, 3]) list([1, 4]) list([2]) list([2, 2])
 list([2, 2, 2]) list([2, 3]) list([2, 4]) list([2, 5, 6]) list([3])
 list([3, 3]) list([3, 6, 3]) list([4]) list([4, 1]) list([4, 1, 3])
 list([4, 2]) list([4, 3]) list([4, 4]) list([4, 5]) list([5, 2])
 list([5, 3]) list([5, 3, 4]) list([5, 4]) list([5, 5, 6]) list([5, 6])]
obj 1 
: [[ 1.          0.4983511 ]
 [ 3.          1.01982009]
 [ 4.          1.09606719]
 [ 5.          1.09606719]
 [ 2.          0.48685196]
 [ 4.          0.25758928]
 [ 6.          1.09606719]
 [ 5.          0.33270004]
 [ 6.          0.20649439]
 [13.          0.05353929]
 [ 3.          0.19584042]
 [ 6.          0.07208931]
 [12.          0.07902277]
 [ 4.          0.48509556]
 [ 5.          0.49230698]
 [ 8.          1.09606719]
 [ 6.          0.29719913]
 [ 7.          0.22608525]
 [ 8.          0.11332219]
 [ 9.          0.07375342]
 [ 7.          0.12331306]
 [ 8.          0.21903907]
 [12.          0.06576414]
 [ 9.          0.08673582]
 [16.          0.05526789]
 [11.          0.05572141]]
dec 2 
: [list([1]) list([1, 1]) list([1, 2]) list([1, 4, 2]) list([2])
 list([2, 2]) list([2, 3]) list([2, 4]) list([2, 5, 6]) list([3])
 list([3, 3]) list([3, 4]) list([3, 5]) list([3, 6, 3]) list([4])
 list([4, 2]) list([4, 3]) list([4, 4]) list([4, 4, 4]) list([4, 5])
 list([4, 6, 4]) list([5]) list([5, 2]) list([5, 3]) list([5, 3, 3])
 list([5, 3, 4]) list([5, 4]) list([5, 5]) list([5, 5, 6]) list([5, 6])]
obj 2 
: [[ 1.          0.4983511 ]
 [ 2.          1.09606719]
 [ 3.          1.01982009]
 [ 7.          1.09606719]
 [ 2.          0.48685196]
 [ 4.          0.25758928]
 [ 5.          0.33270004]
 [ 6.          0.20649439]
 [13.          0.05353929]
 [ 3.          0.19584042]
 [ 6.          0.07208931]
 [ 7.          0.09636434]
 [ 8.          0.08973774]
 [12.          0.07902277]
 [ 4.          0.48509556]
 [ 6.          0.29719913]
 [ 7.          0.22608525]
 [ 8.          0.11332219]
 [12.          0.05032872]
 [ 9.          0.07375342]
 [14.          0.09575287]
 [ 5.          0.10120249]
 [ 7.          0.12331306]
 [ 8.          0.21903907]
 [11.          0.17687021]
 [12.          0.06576414]
 [ 9.          0.06860081]
 [10.          0.06165515]
 [16.          0.05526789]
 [11.          0.05572141]]
dec 3 
: [list([1]) list([1, 1]) list([1, 2]) list([1, 4, 6]) list([2])
 list([2, 2]) list([2, 3]) list([2, 4]) list([2, 5, 6]) list([3])
 list([3, 3]) list([3, 4]) list([3, 4, 4]) list([3, 5]) list([3, 6, 3])
 list([4]) list([4, 4]) list([4, 4, 4]) list([4, 5]) list([4, 6])
 list([4, 6, 3]) list([5]) list([5, 3, 4]) list([5, 4]) list([5, 5])
 list([5, 6]) list([6]) list([6, 6])]
obj 3 
: [[ 1.          0.4983511 ]
 [ 2.          1.09606719]
 [ 3.          1.01982009]
 [11.          0.08852105]
 [ 2.          0.48685196]
 [ 4.          0.25758928]
 [ 5.          0.33270004]
 [ 6.          0.20649439]
 [13.          0.05353929]
 [ 3.          0.19584042]
 [ 6.          0.07208931]
 [ 7.          0.09636434]
 [11.          0.4682422 ]
 [ 8.          0.08973774]
 [12.          0.07902277]
 [ 4.          0.2498271 ]
 [ 8.          0.2838991 ]
 [12.          0.05032872]
 [ 9.          0.07375342]
 [10.          0.05275109]
 [13.          0.09562347]
 [ 5.          0.10120249]
 [12.          0.06576414]
 [ 9.          0.06860081]
 [10.          0.06165515]
 [11.          0.05572141]
 [ 6.          0.95055658]
 [12.          0.05622066]]
dec 4 
: [list([1]) list([1, 1]) list([1, 2]) list([1, 4, 2]) list([1, 4, 6])
 list([1, 6]) list([2]) list([2, 2]) list([2, 2, 2]) list([2, 4])
 list([2, 5, 4]) list([2, 5, 6]) list([2, 6]) list([3]) list([3, 3])
 list([3, 3, 3]) list([3, 4]) list([3, 5]) list([3, 5, 4]) list([4])
 list([4, 3]) list([4, 4]) list([4, 4, 4]) list([4, 5]) list([4, 6])
 list([5]) list([5, 4]) list([5, 5]) list([5, 6])]
obj 4 
: [[ 1.          0.4983511 ]
 [ 2.          1.09606719]
 [ 3.          1.01982009]
 [ 7.          1.09606719]
 [11.          0.08852105]
 [ 7.          0.39391431]
 [ 2.          0.48685196]
 [ 4.          0.25758928]
 [ 6.          1.09606719]
 [ 6.          0.20649439]
 [11.          0.05428855]
 [13.          0.05353929]
 [ 8.          0.08953109]
 [ 3.          0.19584042]
 [ 6.          0.07208931]
 [ 9.          0.13417487]
 [ 7.          0.09636434]
 [ 8.          0.08973774]
 [12.          0.15655123]
 [ 4.          0.2498271 ]
 [ 7.          0.10818706]
 [ 8.          0.12833078]
 [12.          0.05032872]
 [ 9.          0.07375342]
 [10.          0.05275109]
 [ 5.          0.10120249]
 [ 9.          0.06860081]
 [10.          0.06165515]
 [11.          0.05572141]]
dec 5 
: [list([1]) list([1, 1]) list([1, 2]) list([1, 4, 6]) list([2])
 list([2, 2]) list([2, 4]) list([2, 5, 4]) list([2, 5, 6]) list([2, 6])
 list([3]) list([3, 3]) list([3, 4]) list([3, 5]) list([3, 6])
 list([3, 6, 5]) list([4]) list([4, 3]) list([4, 4]) list([4, 4, 4])
 list([4, 5]) list([4, 6]) list([5]) list([5, 4]) list([5, 5])
 list([5, 6, 5]) list([6]) list([6, 6])]
obj 5 
: [[ 1.          0.4983511 ]
 [ 2.          1.09606719]
 [ 3.          1.01982009]
 [11.          0.24629815]
 [ 2.          0.48685196]
 [ 4.          0.25758928]
 [ 6.          0.20649439]
 [11.          0.05428855]
 [13.          0.05353929]
 [ 8.          0.08953109]
 [ 3.          0.19584042]
 [ 6.          0.07208931]
 [ 7.          0.09636434]
 [ 8.          0.08973774]
 [ 9.          0.0677721 ]
 [14.          0.06713082]
 [ 4.          0.2498271 ]
 [ 7.          0.10988013]
 [ 8.          1.09606719]
 [12.          0.05032872]
 [ 9.          0.07375342]
 [10.          0.05275109]
 [ 5.          0.10120249]
 [ 9.          0.06860081]
 [10.          0.06165515]
 [16.          0.05523378]
 [ 6.          0.09289806]
 [12.          0.06030943]]
dec 6 
: [list([1]) list([1, 1]) list([1, 2]) list([2]) list([2, 2]) list([2, 4])
 list([2, 5, 4]) list([2, 5, 6]) list([2, 6]) list([3]) list([3, 3])
 list([3, 3, 3]) list([3, 4]) list([3, 6]) list([3, 6, 5]) list([4])
 list([4, 4]) list([4, 4, 4]) list([4, 4, 6]) list([4, 6]) list([5])
 list([5, 4]) list([5, 5]) list([6]) list([6, 4]) list([6, 4, 5])
 list([6, 6]) list([6, 6, 5])]
obj 6 
: [[ 1.          0.4983511 ]
 [ 2.          1.09606719]
 [ 3.          1.01982009]
 [ 2.          0.48685196]
 [ 4.          0.25758928]
 [ 6.          0.20649439]
 [11.          0.05428855]
 [13.          0.05353929]
 [ 8.          0.08953109]
 [ 3.          0.19584042]
 [ 6.          0.07208931]
 [ 9.          1.09606719]
 [ 7.          0.09636434]
 [ 9.          0.0677721 ]
 [14.          0.08969816]
 [ 4.          0.2498271 ]
 [ 8.          0.16134527]
 [12.          0.05032872]
 [14.          0.05315455]
 [10.          0.05275109]
 [ 5.          0.10120249]
 [ 9.          0.06860081]
 [10.          0.06165515]
 [ 6.          0.09289806]
 [10.          0.0574933 ]
 [15.          0.05105909]
 [12.          1.09606719]
 [17.          0.05197098]]
dec 7 
: [list([1]) list([1, 1]) list([1, 2]) list([1, 4, 5]) list([1, 5])
 list([2]) list([2, 2]) list([2, 5, 4]) list([2, 5, 6]) list([2, 6])
 list([3]) list([3, 1, 4]) list([3, 3]) list([3, 5]) list([3, 6])
 list([3, 6, 3]) list([4]) list([4, 4, 4]) list([4, 4, 6]) list([4, 5])
 list([4, 6]) list([5]) list([5, 4]) list([5, 5]) list([5, 5, 5])
 list([6]) list([6, 1]) list([6, 4]) list([6, 4, 5])]
obj 7 
: [[ 1.          0.4983511 ]
 [ 2.          1.09606719]
 [ 3.          1.01982009]
 [10.          0.08837342]
 [ 6.          0.37052107]
 [ 2.          0.48685196]
 [ 4.          0.25758928]
 [11.          0.05428855]
 [13.          0.05353929]
 [ 8.          0.08953109]
 [ 3.          0.19584042]
 [ 8.          0.1274491 ]
 [ 6.          0.07208931]
 [ 8.          0.3421323 ]
 [ 9.          0.0677721 ]
 [12.          0.46642786]
 [ 4.          0.2498271 ]
 [12.          0.05032872]
 [14.          0.05315455]
 [ 9.          0.06347432]
 [10.          0.05275109]
 [ 5.          0.10120249]
 [ 9.          0.06860081]
 [10.          0.09482593]
 [15.          0.0703921 ]
 [ 6.          0.09289806]
 [ 7.          1.09606719]
 [10.          0.0574933 ]
 [15.          0.05105909]]
dec 8 
: [list([1]) list([1, 1]) list([1, 2]) list([1, 4]) list([1, 5, 5])
 list([2]) list([2, 2]) list([2, 5, 4]) list([2, 5, 6]) list([2, 6])
 list([3]) list([3, 3]) list([3, 3, 3]) list([3, 3, 5]) list([3, 4])
 list([3, 5]) list([3, 5, 1]) list([3, 6]) list([3, 6, 1]) list([4])
 list([4, 4, 4]) list([4, 4, 6]) list([4, 5]) list([4, 6]) list([5])
 list([5, 1, 2]) list([5, 4]) list([5, 6]) list([6]) list([6, 4])
 list([6, 4, 5])]
obj 8 
: [[ 1.          0.4983511 ]
 [ 2.          1.09606719]
 [ 3.          1.01982009]
 [ 5.          1.09606719]
 [11.          0.27791119]
 [ 2.          0.48685196]
 [ 4.          0.25758928]
 [11.          0.05428855]
 [13.          0.05353929]
 [ 8.          0.08953109]
 [ 3.          0.19584042]
 [ 6.          0.07208931]
 [ 9.          0.26863649]
 [11.          0.05493387]
 [ 7.          1.09606719]
 [ 8.          1.09606719]
 [ 9.          1.09606719]
 [ 9.          0.0677721 ]
 [10.          1.09606719]
 [ 4.          0.2498271 ]
 [12.          0.05032872]
 [14.          0.05315455]
 [ 9.          0.06347432]
 [10.          0.05275109]
 [ 5.          0.10120249]
 [ 8.          1.09606719]
 [ 9.          1.09606719]
 [11.          0.05636152]
 [ 6.          0.09289806]
 [10.          0.0574933 ]
 [15.          0.05105909]]
dec 9 
: [list([1]) list([1, 1]) list([1, 2]) list([2]) list([2, 2]) list([2, 5])
 list([2, 5, 4]) list([2, 5, 6]) list([2, 6]) list([3]) list([3, 3])
 list([3, 3, 3]) list([3, 3, 5]) list([3, 4, 5]) list([3, 5]) list([3, 6])
 list([3, 6, 3]) list([4]) list([4, 4, 4]) list([4, 4, 6]) list([4, 5])
 list([4, 6]) list([5]) list([5, 6]) list([6]) list([6, 4])
 list([6, 4, 5])]
obj 9 
: [[ 1.          0.4983511 ]
 [ 2.          1.09606719]
 [ 3.          1.01982009]
 [ 2.          0.48685196]
 [ 4.          0.25758928]
 [ 7.          0.28360781]
 [11.          0.05428855]
 [13.          0.05353929]
 [ 8.          0.08953109]
 [ 3.          0.19584042]
 [ 6.          0.07208931]
 [ 9.          1.09606719]
 [11.          0.46969351]
 [12.          0.07968135]
 [ 8.          1.09606719]
 [ 9.          0.0677721 ]
 [12.          0.17841342]
 [ 4.          0.2498271 ]
 [12.          0.05032872]
 [14.          0.05315455]
 [ 9.          0.06347432]
 [10.          0.05275109]
 [ 5.          0.10120249]
 [11.          0.08119541]
 [ 6.          0.09289806]
 [10.          0.0574933 ]
 [15.          0.05105909]]
dec 10 
: [list([1]) list([1, 1]) list([1, 1, 3]) list([1, 2]) list([1, 6])
 list([2]) list([2, 2]) list([2, 3]) list([2, 5, 4]) list([2, 5, 6])
 list([2, 6]) list([3]) list([3, 3]) list([3, 6]) list([4]) list([4, 1])
 list([4, 3, 6]) list([4, 4]) list([4, 4, 4]) list([4, 4, 6]) list([4, 5])
 list([4, 6]) list([5]) list([5, 5, 4]) list([5, 6]) list([6])
 list([6, 3]) list([6, 4]) list([6, 4, 5])]
obj 10 
: [[ 1.          0.4983511 ]
 [ 2.          1.09606719]
 [ 5.          0.47591543]
 [ 3.          1.01982009]
 [ 7.          0.31510216]
 [ 2.          0.48685196]
 [ 4.          0.25758928]
 [ 5.          0.3761842 ]
 [11.          0.05428855]
 [13.          0.05353929]
 [ 8.          0.08953109]
 [ 3.          0.19584042]
 [ 6.          0.07208931]
 [ 9.          0.0677721 ]
 [ 4.          0.2498271 ]
 [ 5.          1.09606719]
 [13.          1.09606719]
 [ 8.          0.0693419 ]
 [12.          0.05032872]
 [14.          0.05315455]
 [ 9.          0.06347432]
 [10.          0.05275109]
 [ 5.          0.10120249]
 [14.          0.32480332]
 [11.          0.10441748]
 [ 6.          0.09289806]
 [ 9.          0.22597647]
 [10.          0.0574933 ]
 [15.          0.05105909]]
dec 11 
: [list([1]) list([1, 1]) list([1, 1, 1]) list([1, 2]) list([1, 4, 3])
 list([1, 4, 5]) list([2]) list([2, 5, 4]) list([2, 5, 6]) list([2, 6])
 list([3]) list([3, 3]) list([3, 4]) list([3, 5]) list([3, 6]) list([4])
 list([4, 2, 1]) list([4, 4]) list([4, 4, 4]) list([4, 4, 6]) list([4, 5])
 list([4, 6]) list([5]) list([5, 3, 5]) list([5, 6]) list([6])
 list([6, 1, 3]) list([6, 4]) list([6, 4, 5])]
obj 11 
: [[ 1.          0.4983511 ]
 [ 2.          1.09606719]
 [ 3.          1.09606719]
 [ 3.          1.01982009]
 [ 8.          1.09606719]
 [10.          1.09606719]
 [ 2.          0.48685196]
 [11.          0.05428855]
 [13.          0.05353929]
 [ 8.          0.08953109]
 [ 3.          0.19584042]
 [ 6.          0.07208931]
 [ 7.          0.24686025]
 [ 8.          0.12348097]
 [ 9.          0.0677721 ]
 [ 4.          0.2498271 ]
 [ 7.          1.09606719]
 [ 8.          0.0693419 ]
 [12.          0.05032872]
 [14.          0.05315455]
 [ 9.          0.06347432]
 [10.          0.05275109]
 [ 5.          0.10120249]
 [13.          0.05055521]
 [11.          0.30748448]
 [ 6.          0.09289806]
 [10.          0.45326588]
 [10.          0.0574933 ]
 [15.          0.05105909]]
dec 12 
: [list([1]) list([1, 1]) list([1, 1, 1]) list([1, 1, 2]) list([1, 2])
 list([1, 4, 5]) list([1, 5]) list([2]) list([2, 2]) list([2, 5, 4])
 list([2, 5, 6]) list([2, 6]) list([3]) list([3, 3]) list([3, 3, 3])
 list([3, 3, 5]) list([3, 4, 6]) list([3, 6]) list([4]) list([4, 4])
 list([4, 4, 4]) list([4, 5]) list([4, 6]) list([5]) list([5, 3, 5])
 list([5, 6]) list([6]) list([6, 4]) list([6, 6])]
obj 12 
: [[ 1.          0.4983511 ]
 [ 2.          1.09606719]
 [ 3.          1.09606719]
 [ 4.          1.09606719]
 [ 3.          1.01982009]
 [10.          0.15502653]
 [ 6.          0.44584167]
 [ 2.          0.48685196]
 [ 4.          0.46884879]
 [11.          0.05428855]
 [13.          0.05353929]
 [ 8.          0.08953109]
 [ 3.          0.19584042]
 [ 6.          0.07208931]
 [ 9.          1.09606719]
 [11.          0.25386128]
 [13.          0.06680461]
 [ 9.          0.0677721 ]
 [ 4.          0.2498271 ]
 [ 8.          0.0693419 ]
 [12.          0.05032872]
 [ 9.          0.06347432]
 [10.          0.05275109]
 [ 5.          0.10120249]
 [13.          0.05055521]
 [11.          0.10339287]
 [ 6.          0.09289806]
 [10.          0.0574933 ]
 [12.          0.05447855]]
dec 13 
: [list([1]) list([1, 1]) list([1, 1, 1]) list([1, 1, 2]) list([1, 1, 3])
 list([1, 2]) list([1, 3]) list([1, 4, 5]) list([2]) list([2, 2])
 list([2, 3]) list([2, 5, 4]) list([2, 6]) list([3]) list([3, 3])
 list([3, 6]) list([4]) list([4, 1, 5]) list([4, 4]) list([4, 4, 4])
 list([4, 5]) list([4, 6]) list([5]) list([5, 3, 5]) list([5, 5])
 list([5, 5, 5]) list([6]) list([6, 4])]
obj 13 
: [[ 1.          0.4983511 ]
 [ 2.          1.09606719]
 [ 3.          1.09606719]
 [ 4.          1.09606719]
 [ 5.          1.09606719]
 [ 3.          1.01982009]
 [ 4.          0.23314299]
 [10.          0.15502653]
 [ 2.          0.48685196]
 [ 4.          1.09606719]
 [ 5.          1.09606731]
 [11.          0.05428855]
 [ 8.          0.08953109]
 [ 3.          0.19584042]
 [ 6.          0.07208931]
 [ 9.          0.0677721 ]
 [ 4.          0.2498271 ]
 [10.          1.09606719]
 [ 8.          0.0693419 ]
 [12.          0.05032872]
 [ 9.          0.06347432]
 [10.          0.05275109]
 [ 5.          0.10120249]
 [13.          0.05055521]
 [10.          0.08508655]
 [15.          0.14543425]
 [ 6.          0.09289806]
 [10.          0.0574933 ]]
dec 14 
: [list([1]) list([1, 1]) list([1, 1, 1]) list([1, 2]) list([1, 3])
 list([2]) list([2, 2, 6]) list([2, 4]) list([2, 5, 4]) list([2, 6])
 list([3]) list([3, 3]) list([3, 6]) list([4]) list([4, 4])
 list([4, 4, 4]) list([4, 4, 6]) list([4, 5]) list([4, 6]) list([5])
 list([5, 3, 5]) list([5, 4]) list([6]) list([6, 4])]
obj 14 
: [[ 1.          0.4983511 ]
 [ 2.          1.09606719]
 [ 3.          1.09606719]
 [ 3.          1.01982009]
 [ 4.          0.23314299]
 [ 2.          0.48685196]
 [10.          0.2668319 ]
 [ 6.          1.09606731]
 [11.          0.05428855]
 [ 8.          0.08953109]
 [ 3.          0.19584042]
 [ 6.          0.07208931]
 [ 9.          0.0677721 ]
 [ 4.          0.2498271 ]
 [ 8.          0.0693419 ]
 [12.          0.05032872]
 [14.          0.05819545]
 [ 9.          0.06347432]
 [10.          0.05275109]
 [ 5.          0.10120249]
 [13.          0.05055521]
 [ 9.          0.48756948]
 [ 6.          0.09289806]
 [10.          0.0574933 ]]
dec 15 
: [list([1]) list([1, 1]) list([1, 1, 1]) list([1, 2]) list([1, 3])
 list([2]) list([2, 2]) list([2, 3]) list([2, 5, 4]) list([2, 6])
 list([3]) list([3, 3]) list([3, 3, 3]) list([3, 3, 5]) list([3, 4])
 list([3, 5]) list([3, 6]) list([4]) list([4, 4]) list([4, 4, 4])
 list([4, 5]) list([4, 6]) list([5]) list([5, 3, 5]) list([6])
 list([6, 4])]
obj 15 
: [[ 1.          0.4983511 ]
 [ 2.          1.09606719]
 [ 3.          1.09606719]
 [ 3.          1.01982009]
 [ 4.          0.23314299]
 [ 2.          0.48685196]
 [ 4.          1.09606719]
 [ 5.          0.4756082 ]
 [11.          0.05428855]
 [ 8.          0.08953109]
 [ 3.          0.19584042]
 [ 6.          0.07208931]
 [ 9.          0.19716454]
 [11.          0.16533025]
 [ 7.          0.07965364]
 [ 8.          0.35815465]
 [ 9.          0.0677721 ]
 [ 4.          0.2498271 ]
 [ 8.          0.0693419 ]
 [12.          0.05032872]
 [ 9.          0.06347432]
 [10.          0.05275109]
 [ 5.          0.10120249]
 [13.          0.05055521]
 [ 6.          0.09289806]
 [10.          0.0574933 ]]
dec 16 
: [list([1]) list([1, 1]) list([1, 1, 1]) list([1, 1, 2]) list([1, 2])
 list([1, 3]) list([2]) list([2, 2, 2]) list([2, 3]) list([2, 5])
 list([2, 5, 4]) list([2, 6]) list([3]) list([3, 3]) list([3, 3, 4])
 list([3, 4]) list([3, 5]) list([3, 6]) list([4]) list([4, 4])
 list([4, 4, 4]) list([4, 5]) list([4, 6]) list([5]) list([5, 3, 5])
 list([5, 4, 2]) list([6]) list([6, 4]) list([6, 6])]
obj 16 
: [[ 1.          0.4983511 ]
 [ 2.          1.09606719]
 [ 3.          1.09606719]
 [ 4.          1.09606719]
 [ 3.          1.01982009]
 [ 4.          0.23314299]
 [ 2.          0.48685196]
 [ 6.          0.14470832]
 [ 5.          0.31089336]
 [ 7.          1.09606719]
 [11.          0.05428855]
 [ 8.          0.08953109]
 [ 3.          0.19584042]
 [ 6.          0.07208931]
 [10.          0.19223282]
 [ 7.          0.07965364]
 [ 8.          0.06035991]
 [ 9.          0.0677721 ]
 [ 4.          0.09112231]
 [ 8.          0.0693419 ]
 [12.          0.05032872]
 [ 9.          0.06347432]
 [10.          0.05275109]
 [ 5.          0.10120249]
 [13.          0.05055521]
 [11.          0.28775516]
 [ 6.          0.09289806]
 [10.          0.0574933 ]
 [12.          0.05914326]]
dec 17 
: [list([1]) list([1, 1]) list([1, 1, 1]) list([1, 2]) list([1, 3])
 list([2]) list([2, 5]) list([2, 5, 4]) list([3]) list([3, 3])
 list([3, 4]) list([3, 5]) list([4]) list([4, 4]) list([4, 4, 4])
 list([4, 5]) list([4, 6]) list([5]) list([5, 3, 5]) list([6])
 list([6, 4])]
obj 17 
: [[ 1.          0.4983511 ]
 [ 2.          1.09606719]
 [ 3.          1.09606719]
 [ 3.          1.01982009]
 [ 4.          0.23314299]
 [ 2.          0.48685196]
 [ 7.          0.17031457]
 [11.          0.05428855]
 [ 3.          0.19584042]
 [ 6.          0.07208931]
 [ 7.          0.07965364]
 [ 8.          0.06035991]
 [ 4.          0.09112231]
 [ 8.          0.0693419 ]
 [12.          0.05032872]
 [ 9.          0.06347432]
 [10.          0.05275109]
 [ 5.          0.10120249]
 [13.          0.05055521]
 [ 6.          0.09289806]
 [10.          0.0574933 ]]
dec 18 
: [list([1]) list([1, 1]) list([1, 1, 1]) list([1, 1, 2]) list([1, 2])
 list([1, 3]) list([2]) list([2, 3]) list([2, 5, 4]) list([3])
 list([3, 3]) list([3, 4]) list([3, 5]) list([4]) list([4, 4])
 list([4, 4, 4]) list([4, 5]) list([4, 6]) list([5]) list([5, 3, 5])
 list([5, 4]) list([5, 5]) list([5, 5, 5]) list([5, 6]) list([6])
 list([6, 4])]
obj 18 
: [[ 1.          0.4983511 ]
 [ 2.          1.09606719]
 [ 3.          1.09606719]
 [ 4.          1.09606719]
 [ 3.          1.01982009]
 [ 4.          0.23314299]
 [ 2.          0.48685196]
 [ 5.          0.36514327]
 [11.          0.05428855]
 [ 3.          0.19584042]
 [ 6.          0.07208931]
 [ 7.          0.07965364]
 [ 8.          0.06035991]
 [ 4.          0.09112231]
 [ 8.          0.0693419 ]
 [12.          0.05032872]
 [ 9.          0.06347432]
 [10.          0.05275109]
 [ 5.          0.10120249]
 [13.          0.05055521]
 [ 9.          0.06593039]
 [10.          0.20967932]
 [15.          0.05170465]
 [11.          0.2084358 ]
 [ 6.          0.09289806]
 [10.          0.0574933 ]]
dec 19 
: [list([1]) list([1, 1]) list([1, 1, 1]) list([1, 2]) list([1, 3])
 list([2]) list([2, 2]) list([2, 2, 3]) list([2, 3]) list([2, 4])
 list([2, 5, 4]) list([3]) list([3, 3]) list([3, 4]) list([3, 5])
 list([4]) list([4, 4]) list([4, 4, 4]) list([4, 5]) list([4, 6])
 list([4, 6, 5]) list([5]) list([5, 3, 5]) list([5, 5]) list([5, 5, 5])
 list([5, 6]) list([5, 6, 1]) list([6]) list([6, 1]) list([6, 3])
 list([6, 4]) list([6, 4, 6])]
obj 19 
: [[ 1.          0.4983511 ]
 [ 2.          1.09606719]
 [ 3.          1.09606719]
 [ 3.          1.01982009]
 [ 4.          0.23314299]
 [ 2.          0.48685196]
 [ 4.          0.49818853]
 [ 7.          1.09606731]
 [ 5.          0.06926427]
 [ 6.          0.1948157 ]
 [11.          0.05428855]
 [ 3.          0.19584042]
 [ 6.          0.07208931]
 [ 7.          0.07965364]
 [ 8.          0.06035991]
 [ 4.          0.09112231]
 [ 8.          0.0693419 ]
 [12.          0.05032872]
 [ 9.          0.06347432]
 [10.          0.05275109]
 [15.          0.05137604]
 [ 5.          0.10120249]
 [13.          0.05055521]
 [10.          0.05326974]
 [15.          0.05222918]
 [11.          0.0935585 ]
 [12.          1.09606719]
 [ 6.          0.09289806]
 [ 7.          0.40391013]
 [ 9.          0.1679842 ]
 [10.          0.0574933 ]
 [16.          0.0785975 ]]
